Lotto
Archivio estrazioni Lotto anno 1968 aggiornato al 28/12/1968
Concorso	Data	Bari	Cagliari	Firenze	Genova	Milano	Napoli	Palermo	Roma	Torino	Venezia	Nazionale	
52	28/12/1968	48 89 32 28 36 	62 63 52 55 56 	16 13 85 14 32 	57 38 67 47 50 	65 23 28 13 17 	50 7 19 90 84 	40 5 30 20 38 	44 45 89 19 85 	22 62 51 48 72 	9 72 82 12 86 	     	
51	21/12/1968	86 17 74 45 46 	90 26 67 15 85 	42 48 2 66 89 	68 39 53 16 3 	40 75 82 11 12 	87 65 80 84 33 	83 80 58 57 27 	12 15 73 1 19 	77 2 15 16 20 	87 65 13 71 11 	87 65 13 71 11 	
50	14/12/1968	75 86 88 68 24 	78 17 53 68 82 	87 17 70 9 32 	37 9 8 38 46 	27 17 76 15 52 	49 62 63 47 40 	43 73 72 32 7 	8 54 6 74 39 	23 37 79 36 55 	61 73 50 77 16 	61 73 50 77 16 	
49	07/12/1968	10 17 70 75 38 	58 35 61 55 76 	24 27 64 87 20 	5 82 75 14 44 	40 53 29 6 2 	81 11 42 44 13 	40 54 70 52 79 	4 75 6 34 5 	62 79 3 44 10 	64 48 85 1 88 	64 48 85 1 88 	
48	30/11/1968	11 30 20 44 24 	2 20 49 5 69 	50 62 58 34 26 	64 87 31 89 77 	54 82 78 5 76 	58 4 24 74 49 	25 56 21 48 24 	64 11 27 45 71 	33 79 53 34 12 	82 66 88 12 34 	82 66 88 12 34 	
47	23/11/1968	83 63 87 72 69 	68 66 47 84 17 	82 69 85 54 61 	17 82 63 22 33 	10 49 87 31 35 	58 54 82 9 57 	44 46 58 34 61 	63 83 55 64 53 	67 8 79 78 82 	44 66 73 62 4 	44 66 73 62 4 	
46	16/11/1968	87 79 59 28 6 	44 62 10 46 47 	86 80 27 88 75 	61 90 27 60 32 	29 64 48 88 83 	32 84 65 4 40 	31 44 30 75 57 	52 87 33 7 23 	28 1 48 58 54 	42 31 25 89 63 	42 31 25 89 63 	
45	09/11/1968	90 32 68 37 27 	53 24 27 55 70 	16 26 43 88 32 	50 1 52 44 81 	69 62 66 78 33 	34 65 2 73 74 	74 1 53 45 71 	85 29 43 62 90 	40 69 27 75 66 	78 86 77 19 76 	78 86 77 19 76 	
44	02/11/1968	33 45 15 27 84 	74 75 81 54 18 	66 1 13 15 65 	55 11 10 48 74 	45 30 87 49 22 	1 21 23 59 30 	86 58 76 89 70 	34 60 46 70 8 	17 3 81 62 51 	52 27 65 37 83 	52 27 65 37 83 	
43	26/10/1968	86 50 58 71 68 	73 47 23 28 56 	66 84 29 34 62 	61 65 5 71 32 	67 3 23 71 61 	50 47 3 77 55 	24 4 7 43 2 	47 61 80 88 30 	73 81 42 72 63 	40 44 28 82 42 	40 44 28 82 42 	
42	19/10/1968	48 71 78 88 49 	1 88 64 19 49 	71 29 77 80 81 	7 58 20 23 70 	57 22 80 35 18 	47 19 11 64 58 	32 14 75 52 88 	41 34 80 1 38 	56 1 40 77 79 	75 52 15 28 69 	75 52 15 28 69 	
41	12/10/1968	57 3 81 13 30 	39 83 50 60 46 	23 70 32 56 63 	58 66 8 39 23 	13 35 27 32 82 	6 43 46 33 71 	77 78 35 66 56 	43 38 63 58 62 	63 51 21 24 50 	23 53 47 43 73 	23 53 47 43 73 	
40	05/10/1968	28 8 5 15 56 	36 28 2 15 37 	31 81 12 78 44 	62 83 59 85 42 	90 32 27 10 58 	12 20 87 42 70 	81 31 73 16 3 	24 88 29 20 2 	22 87 27 76 39 	40 34 54 29 64 	40 34 54 29 64 	
39	28/09/1968	51 26 60 66 30 	16 64 44 1 65 	36 84 65 5 90 	24 51 66 23 81 	22 45 10 81 25 	3 58 73 80 41 	58 49 79 71 18 	45 24 87 81 20 	85 86 4 20 72 	47 25 23 31 21 	47 25 23 31 21 	
38	21/09/1968	20 37 75 4 56 	6 37 34 59 19 	87 19 13 70 74 	40 69 86 21 81 	38 56 2 23 3 	32 86 90 78 48 	62 41 9 79 15 	19 71 57 14 68 	60 22 68 29 90 	85 19 18 77 87 	85 19 18 77 87 	
37	14/09/1968	18 67 53 90 1 	30 54 46 55 77 	43 48 68 39 6 	58 88 21 36 54 	88 82 75 21 79 	34 67 7 11 60 	34 80 42 65 61 	42 48 3 31 79 	7 76 59 46 87 	55 67 10 51 47 	55 67 10 51 47 	
36	07/09/1968	51 79 15 50 41 	85 3 54 52 40 	53 54 65 10 24 	58 29 45 87 56 	71 61 69 2 60 	14 41 58 29 4 	57 6 73 42 22 	15 4 10 83 9 	59 64 18 3 28 	50 11 65 35 39 	50 11 65 35 39 	
35	31/08/1968	76 20 55 44 48 	18 44 10 45 31 	38 72 74 39 63 	6 60 24 66 86 	29 85 44 79 24 	78 74 17 52 72 	55 87 85 67 64 	31 16 48 85 53 	61 44 51 10 84 	46 23 35 30 20 	46 23 35 30 20 	
34	24/08/1968	79 87 10 82 12 	57 52 72 43 64 	16 57 30 33 39 	18 28 40 38 53 	83 67 25 87 35 	6 38 1 86 48 	5 81 54 29 49 	8 65 16 69 22 	72 68 33 19 37 	44 42 14 15 25 	44 42 14 15 25 	
33	17/08/1968	34 44 59 47 69 	23 49 48 35 17 	30 51 71 4 50 	9 73 29 2 42 	65 67 59 55 36 	12 30 70 45 14 	41 8 83 70 30 	45 40 11 82 46 	38 11 8 21 16 	43 72 10 7 32 	43 72 10 7 32 	
32	10/08/1968	87 45 29 80 85 	89 84 13 85 40 	79 45 2 19 62 	68 40 49 64 70 	85 57 79 44 20 	31 62 12 27 82 	33 80 8 38 54 	54 60 79 39 70 	35 70 7 28 65 	83 59 30 67 60 	83 59 30 67 60 	
31	03/08/1968	67 82 50 37 62 	5 10 37 68 22 	83 60 63 23 61 	7 78 82 5 31 	64 20 48 60 67 	46 57 10 38 26 	49 47 25 50 34 	32 69 79 31 81 	73 90 41 36 19 	88 31 20 4 38 	88 31 20 4 38 	
30	27/07/1968	18 86 1 75 56 	31 25 73 12 68 	40 71 77 69 88 	46 73 6 45 69 	16 50 18 72 35 	89 68 18 24 14 	78 18 19 35 34 	34 35 75 23 58 	7 55 62 9 10 	82 47 66 7 5 	82 47 66 7 5 	
29	20/07/1968	80 17 52 16 7 	63 40 57 51 52 	62 74 69 87 46 	40 64 13 50 14 	5 60 64 10 18 	64 81 37 51 25 	42 53 39 86 19 	71 70 75 63 83 	89 6 64 78 28 	48 12 87 14 64 	48 12 87 14 64 	
28	13/07/1968	74 43 11 32 84 	79 78 3 17 51 	69 74 36 48 86 	11 79 21 60 25 	36 43 20 12 62 	45 27 37 55 29 	57 56 43 75 74 	17 63 80 73 68 	79 4 80 29 90 	10 81 4 46 26 	10 81 4 46 26 	
27	06/07/1968	78 17 36 44 59 	31 16 3 55 51 	53 17 54 22 30 	40 41 39 27 8 	35 79 31 37 18 	41 40 56 84 59 	57 20 65 82 9 	21 77 35 49 75 	50 45 7 88 17 	6 46 9 63 62 	6 46 9 63 62 	
26	28/06/1968	50 85 12 83 90 	77 87 4 75 30 	31 18 5 8 17 	57 90 23 78 10 	27 31 74 54 76 	12 48 63 1 33 	30 63 73 37 21 	81 19 48 58 18 	41 82 32 31 53 	77 12 25 13 53 	77 12 25 13 53 	
25	22/06/1968	36 13 52 27 17 	40 42 28 29 72 	1 68 44 65 83 	54 11 15 38 35 	82 28 55 9 73 	8 61 7 81 20 	83 53 42 13 29 	38 43 51 48 10 	52 74 54 5 36 	45 52 25 53 57 	45 52 25 53 57 	
24	15/06/1968	39 41 2 86 31 	24 86 58 46 40 	82 77 85 10 89 	48 7 40 14 55 	69 54 85 33 67 	30 20 49 21 56 	37 86 49 16 19 	58 86 83 68 72 	86 43 9 50 31 	17 42 7 16 84 	17 42 7 16 84 	
23	08/06/1968	32 12 87 43 48 	83 10 87 37 51 	51 9 52 47 59 	61 16 49 76 85 	66 70 55 90 12 	73 60 13 86 46 	36 50 66 26 31 	86 71 15 32 21 	4 86 18 52 48 	66 17 4 35 65 	66 17 4 35 65 	
22	01/06/1968	25 68 90 38 6 	11 13 90 24 78 	25 46 27 68 22 	87 3 19 2 26 	22 2 82 7 83 	31 28 52 20 33 	5 17 68 40 62 	22 1 9 19 54 	34 55 12 18 57 	76 88 78 18 9 	76 88 78 18 9 	
21	25/05/1968	1 58 41 59 79 	60 45 43 53 69 	27 62 14 71 60 	23 22 81 82 52 	61 51 30 79 18 	29 1 85 73 2 	88 84 1 74 18 	12 85 46 4 70 	41 37 61 47 17 	42 56 32 80 17 	42 56 32 80 17 	
20	18/05/1968	14 4 28 27 63 	66 58 31 24 57 	78 67 79 20 42 	81 72 18 34 69 	9 24 73 25 68 	55 18 16 81 48 	51 90 8 77 49 	76 24 70 42 20 	30 34 29 53 43 	51 66 7 53 14 	51 66 7 53 14 	
19	11/05/1968	51 38 52 10 47 	12 74 2 23 68 	47 6 39 62 90 	51 77 86 49 18 	30 36 42 44 1 	88 41 26 60 59 	90 56 68 3 73 	24 7 23 68 57 	17 82 57 20 64 	50 49 25 42 36 	50 49 25 42 36 	
18	04/05/1968	61 44 47 52 53 	7 65 56 78 33 	83 15 60 87 21 	70 81 57 16 72 	24 53 15 87 50 	11 82 61 28 74 	26 23 84 75 73 	45 60 80 37 61 	41 13 22 81 32 	9 24 21 45 16 	9 24 21 45 16 	
17	27/04/1968	42 56 26 73 55 	17 70 54 42 68 	42 78 70 87 32 	83 19 56 23 81 	49 17 39 62 50 	51 28 11 16 53 	22 78 15 1 46 	86 78 34 37 6 	83 13 60 2 23 	34 26 58 55 79 	34 26 58 55 79 	
16	20/04/1968	34 2 62 28 9 	31 55 30 36 13 	85 75 29 39 78 	64 5 33 62 16 	79 16 80 7 58 	54 89 74 26 11 	46 28 75 25 57 	5 38 10 15 13 	74 62 88 66 23 	48 18 89 19 41 	48 18 89 19 41 	
15	13/04/1968	90 78 51 15 39 	74 7 70 17 52 	80 63 31 35 75 	68 56 19 57 55 	48 10 82 15 27 	44 52 65 41 12 	50 62 87 8 18 	45 29 41 11 10 	17 23 16 78 32 	46 75 78 50 54 	46 75 78 50 54 	
14	06/04/1968	70 21 57 38 75 	35 85 53 74 38 	47 44 22 90 89 	52 78 73 80 65 	37 18 65 72 17 	22 10 30 56 70 	77 37 25 47 71 	88 24 36 32 22 	49 13 1 59 85 	20 83 54 56 49 	20 83 54 56 49 	
13	30/03/1968	80 35 9 88 28 	31 8 27 42 24 	26 76 65 72 21 	87 90 53 2 7 	65 82 63 77 56 	84 68 22 45 38 	76 17 62 25 5 	22 29 43 85 83 	84 60 73 32 40 	65 59 20 48 34 	65 59 20 48 34 	
12	23/03/1968	22 78 3 19 27 	50 82 16 65 57 	90 47 83 45 16 	80 50 88 25 67 	6 42 40 3 34 	46 15 19 3 86 	77 43 22 48 57 	76 66 28 81 59 	76 37 45 2 6 	14 50 17 80 71 	14 50 17 80 71 	
11	16/03/1968	36 50 29 88 57 	82 70 13 68 38 	27 84 58 10 23 	57 86 59 16 53 	23 1 56 43 78 	47 42 35 64 73 	87 6 70 60 30 	39 20 70 63 47 	50 71 15 73 63 	52 72 3 25 83 	52 72 3 25 83 	
10	09/03/1968	36 61 79 45 56 	23 22 52 30 60 	35 9 54 53 80 	45 25 66 82 34 	11 57 52 27 53 	24 32 61 80 11 	49 71 43 38 28 	89 44 50 8 64 	41 23 72 1 42 	55 66 38 41 76 	55 66 38 41 76 	
9	02/03/1968	74 34 67 39 69 	31 17 43 40 16 	76 5 55 88 31 	4 81 58 59 43 	54 57 22 12 41 	73 18 44 20 67 	30 69 70 88 63 	41 33 39 68 90 	22 72 80 5 67 	24 79 76 27 69 	24 79 76 27 69 	
8	24/02/1968	39 62 40 24 72 	35 1 47 49 51 	17 39 51 41 15 	50 88 20 35 33 	75 20 52 87 47 	10 76 55 30 59 	74 44 73 81 24 	50 19 39 46 33 	57 1 17 14 7 	39 70 10 12 6 	39 70 10 12 6 	
7	17/02/1968	24 61 36 8 55 	49 33 27 43 12 	25 71 55 5 15 	7 76 11 16 9 	67 74 43 9 49 	83 41 31 39 4 	17 56 47 58 18 	41 11 60 1 77 	40 55 43 10 81 	7 77 46 36 47 	7 77 46 36 47 	
6	10/02/1968	25 90 27 46 60 	81 52 65 8 66 	27 22 33 90 35 	22 19 36 10 47 	56 76 63 47 26 	36 66 31 83 4 	53 7 54 37 78 	9 41 7 69 56 	66 2 49 20 4 	75 35 7 29 64 	75 35 7 29 64 	
5	03/02/1968	74 11 55 3 5 	39 80 60 42 38 	28 88 80 57 7 	40 9 28 83 48 	57 49 37 53 24 	50 37 57 11 47 	23 26 33 74 63 	48 55 32 67 18 	69 70 30 81 52 	85 7 63 45 74 	85 7 63 45 74 	
4	27/01/1968	77 42 74 7 47 	20 56 79 62 55 	6 70 83 51 2 	33 43 57 62 54 	82 16 9 2 60 	12 15 26 7 21 	25 64 84 12 1 	64 75 59 38 80 	10 28 49 75 68 	34 63 3 8 41 	34 63 3 8 41 	
3	20/01/1968	73 50 90 77 29 	27 9 26 83 48 	50 1 67 79 74 	7 17 82 34 66 	8 71 49 87 47 	75 79 34 58 64 	42 84 72 40 47 	23 81 56 61 35 	38 86 81 53 71 	68 64 10 81 75 	68 64 10 81 75 	
2	13/01/1968	21 41 49 1 25 	63 83 9 47 54 	72 6 82 16 8 	14 9 1 2 46 	10 39 6 78 61 	28 31 10 71 1 	29 40 47 36 4 	63 40 67 43 62 	74 21 61 88 17 	15 63 5 49 53 	15 63 5 49 53 	
1	05/01/1968	39 51 55 23 56 	45 39 46 61 86 	66 4 76 33 34 	62 38 16 24 45 	10 13 41 48 52 	77 43 9 35 79 	86 60 77 88 36 	49 31 3 73 86 	75 48 68 43 86 	60 28 31 81 59 	60 28 31 81 59 	
