Lotto
Archivio estrazioni Lotto anno 1974 aggiornato al 28/12/1974
Concorso	Data	Bari	Cagliari	Firenze	Genova	Milano	Napoli	Palermo	Roma	Torino	Venezia	Nazionale	
52	28/12/1974	86 50 40 66 90 	50 77 76 31 13 	30 40 8 23 13 	36 8 41 34 53 	52 11 33 17 16 	54 23 69 45 78 	78 57 74 36 45 	26 85 68 75 30 	16 2 59 60 14 	52 15 13 46 6 	     	
51	21/12/1974	23 69 11 71 79 	68 27 39 41 5 	60 34 1 61 23 	64 17 87 4 76 	75 65 22 78 56 	71 28 41 60 8 	73 85 67 68 2 	40 73 7 50 51 	71 40 68 53 77 	44 58 37 59 28 	44 58 37 59 28 	
50	14/12/1974	52 79 32 83 90 	56 36 27 37 44 	51 71 77 58 73 	51 6 31 86 20 	83 69 50 37 33 	61 60 5 73 70 	63 49 12 75 17 	72 9 85 62 3 	55 6 1 50 76 	13 14 7 75 35 	13 14 7 75 35 	
49	07/12/1974	83 79 64 38 60 	50 69 7 81 75 	3 61 57 83 33 	50 13 83 9 58 	37 43 85 66 8 	72 59 78 55 47 	39 38 15 54 69 	8 41 57 52 53 	89 18 78 74 12 	20 67 31 40 2 	20 67 31 40 2 	
48	30/11/1974	13 71 18 68 15 	9 5 90 69 80 	70 46 82 10 40 	74 46 85 51 40 	37 12 81 50 65 	3 19 54 76 85 	26 71 59 22 66 	85 73 54 49 5 	59 62 60 32 22 	56 73 1 54 44 	56 73 1 54 44 	
47	23/11/1974	54 47 65 76 44 	53 62 77 87 43 	55 57 44 25 58 	38 22 21 81 35 	51 83 36 86 40 	55 24 21 16 78 	47 80 13 82 6 	43 53 17 7 61 	49 69 75 28 29 	34 44 9 24 23 	34 44 9 24 23 	
46	16/11/1974	65 9 90 85 55 	22 57 35 42 88 	53 29 17 57 83 	53 51 61 18 22 	7 88 34 58 43 	18 46 23 67 69 	29 3 56 76 60 	24 74 31 66 62 	7 64 63 5 76 	66 18 6 77 82 	66 18 6 77 82 	
45	09/11/1974	15 75 64 29 11 	78 73 26 24 49 	88 72 48 83 78 	71 4 44 63 14 	11 60 88 20 71 	43 58 30 24 4 	80 78 51 41 34 	37 48 31 36 16 	80 76 77 85 89 	34 51 83 56 35 	34 51 83 56 35 	
44	02/11/1974	50 53 83 84 71 	23 33 55 59 56 	47 43 54 70 3 	19 57 56 42 73 	83 73 9 42 79 	2 53 55 38 61 	43 54 89 25 20 	38 50 54 74 84 	43 64 30 9 40 	37 90 39 42 3 	37 90 39 42 3 	
43	26/10/1974	9 42 74 67 54 	23 56 88 14 31 	51 11 27 36 48 	6 30 69 78 39 	26 20 9 74 25 	80 76 36 53 61 	73 11 53 82 81 	63 83 42 20 5 	88 70 3 80 22 	87 7 71 5 62 	87 7 71 5 62 	
42	19/10/1974	40 34 78 52 4 	58 18 20 33 38 	61 70 8 69 47 	10 17 35 72 1 	45 28 35 84 68 	66 47 52 54 80 	72 17 46 63 1 	5 90 77 89 50 	23 80 8 29 20 	88 37 67 84 60 	88 37 67 84 60 	
41	12/10/1974	61 46 62 78 42 	74 85 40 84 41 	90 32 33 7 74 	68 14 15 60 34 	44 7 54 29 77 	67 80 36 74 10 	54 20 83 86 74 	56 66 48 80 40 	41 29 24 59 90 	76 19 56 3 23 	76 19 56 3 23 	
40	05/10/1974	5 67 65 52 78 	71 39 76 87 44 	57 41 52 30 67 	45 56 80 26 76 	74 19 24 18 40 	50 26 3 56 67 	42 24 72 4 14 	58 80 53 84 14 	68 37 39 42 65 	17 62 1 5 53 	17 62 1 5 53 	
39	28/09/1974	23 2 15 44 89 	34 59 85 65 36 	38 59 83 77 75 	12 51 47 11 23 	60 26 49 31 72 	47 7 90 78 64 	52 6 9 20 65 	63 54 72 67 9 	42 84 2 60 11 	84 38 46 55 25 	84 38 46 55 25 	
38	21/09/1974	56 1 69 87 84 	27 58 10 6 29 	12 61 72 44 64 	71 14 89 74 29 	24 29 54 14 72 	5 11 83 28 63 	22 47 25 71 24 	1 84 50 33 83 	25 77 11 81 10 	50 68 29 28 18 	50 68 29 28 18 	
37	14/09/1974	62 51 82 2 84 	56 6 46 29 70 	10 80 29 49 42 	53 81 42 65 86 	76 67 11 15 10 	36 65 73 85 23 	58 7 11 38 53 	86 81 7 33 59 	31 45 24 18 38 	42 68 87 71 24 	42 68 87 71 24 	
36	07/09/1974	56 32 48 88 83 	4 3 61 83 9 	61 82 7 73 15 	60 67 78 44 57 	11 23 54 69 9 	78 64 32 16 74 	37 27 15 56 66 	76 78 74 72 68 	68 46 22 36 86 	61 24 38 80 57 	61 24 38 80 57 	
35	31/08/1974	81 54 50 74 53 	75 17 32 84 36 	4 50 44 52 11 	11 58 8 51 20 	9 13 43 58 78 	86 52 89 30 2 	38 4 65 12 5 	31 61 43 11 21 	3 30 8 50 79 	61 69 18 64 46 	61 69 18 64 46 	
34	24/08/1974	61 25 57 49 30 	39 75 37 19 86 	22 59 70 39 47 	75 72 28 63 51 	55 17 51 27 62 	34 12 39 81 71 	60 18 13 82 79 	63 81 22 35 29 	88 81 16 23 59 	7 63 62 75 14 	7 63 62 75 14 	
33	17/08/1974	84 39 69 71 64 	42 59 64 66 27 	80 70 48 7 50 	16 63 32 39 33 	56 15 7 23 19 	16 77 28 73 54 	65 7 19 62 78 	27 42 50 73 74 	81 4 43 66 39 	38 78 21 53 55 	38 78 21 53 55 	
32	10/08/1974	37 49 5 62 28 	80 46 45 3 15 	75 57 36 54 84 	90 52 67 27 26 	39 40 57 4 15 	46 70 60 13 12 	88 43 23 66 59 	19 39 43 15 37 	21 68 40 55 34 	81 67 26 3 35 	81 67 26 3 35 	
31	03/08/1974	63 49 12 51 50 	68 22 39 36 50 	33 54 42 30 63 	61 8 9 80 1 	38 71 52 34 73 	25 18 28 24 52 	75 66 34 46 21 	23 20 52 50 67 	9 39 54 83 7 	34 89 50 82 77 	34 89 50 82 77 	
30	27/07/1974	42 74 78 71 40 	26 89 30 42 74 	26 64 2 62 56 	52 90 7 14 9 	57 48 68 26 13 	29 27 5 74 68 	35 86 4 11 69 	78 42 84 50 14 	71 51 70 53 86 	75 76 18 88 55 	75 76 18 88 55 	
29	20/07/1974	75 73 42 52 47 	2 8 5 61 7 	50 83 82 13 57 	88 61 82 74 48 	45 14 8 29 74 	16 59 7 25 82 	28 81 83 69 77 	83 4 62 47 18 	34 58 78 32 23 	87 82 55 35 8 	87 82 55 35 8 	
28	13/07/1974	32 4 75 20 26 	53 22 9 23 52 	84 68 76 67 20 	14 16 50 76 4 	85 10 45 89 34 	7 23 39 15 89 	52 25 35 72 46 	66 88 52 63 18 	11 85 22 3 12 	17 59 18 12 78 	17 59 18 12 78 	
27	06/07/1974	68 62 71 87 31 	65 6 39 28 17 	35 7 54 28 48 	6 10 71 32 33 	11 17 75 74 84 	74 23 90 43 82 	78 9 74 28 68 	56 4 62 50 76 	28 59 15 10 37 	55 15 29 45 79 	55 15 29 45 79 	
26	29/06/1974	74 71 79 13 18 	51 77 56 9 53 	51 63 82 66 79 	46 69 48 90 75 	45 73 78 25 58 	88 82 56 2 32 	60 64 13 85 12 	28 32 19 50 23 	14 87 21 16 4 	86 33 53 28 75 	86 33 53 28 75 	
25	22/06/1974	81 13 60 71 19 	55 2 45 58 1 	83 2 30 21 17 	47 69 72 62 73 	75 66 85 58 42 	59 27 80 3 66 	86 55 20 48 53 	64 12 2 24 28 	20 23 84 52 56 	60 32 5 76 10 	60 32 5 76 10 	
24	15/06/1974	42 46 64 24 56 	26 80 6 28 15 	53 35 47 31 58 	66 80 54 31 49 	52 41 67 55 31 	10 33 90 84 35 	90 15 40 5 54 	5 36 14 37 90 	30 71 2 87 66 	84 83 9 21 34 	84 83 9 21 34 	
23	08/06/1974	64 85 81 71 66 	84 41 3 10 71 	47 43 30 51 65 	63 53 42 48 69 	15 23 37 72 8 	69 29 9 48 66 	71 67 69 72 29 	79 25 36 46 43 	6 48 64 40 55 	23 63 74 30 77 	23 63 74 30 77 	
22	01/06/1974	41 53 52 29 27 	48 49 42 21 58 	26 56 61 8 85 	35 69 22 66 53 	24 81 59 74 12 	22 87 26 55 89 	27 42 74 75 52 	4 82 56 67 90 	37 39 38 34 59 	64 75 42 4 71 	64 75 42 4 71 	
21	25/05/1974	72 47 40 66 71 	40 66 77 30 9 	64 86 38 72 69 	85 82 11 78 89 	74 15 35 64 30 	70 57 78 68 76 	41 75 54 71 31 	3 81 50 36 5 	19 75 66 13 61 	56 46 55 69 48 	56 46 55 69 48 	
20	18/05/1974	59 69 80 34 45 	71 29 61 26 80 	10 66 42 70 87 	70 40 49 7 37 	1 35 22 45 75 	66 19 15 3 69 	76 77 41 90 51 	68 7 70 6 75 	12 78 68 49 31 	46 44 52 60 3 	46 44 52 60 3 	
19	11/05/1974	57 46 72 56 48 	53 77 7 63 11 	21 75 65 10 45 	34 38 89 3 14 	42 47 71 83 3 	57 12 3 83 31 	45 55 11 68 17 	60 39 33 80 83 	64 4 57 14 61 	39 21 53 31 52 	39 21 53 31 52 	
18	04/05/1974	12 4 84 28 62 	63 4 51 80 38 	73 38 57 27 54 	49 26 38 35 41 	80 8 57 70 67 	55 7 28 8 74 	47 49 31 69 7 	73 1 81 35 50 	69 64 30 75 12 	63 77 65 31 32 	63 77 65 31 32 	
17	27/04/1974	55 57 33 4 44 	77 62 68 29 41 	25 4 76 13 19 	58 83 45 69 47 	31 33 34 1 60 	44 62 32 14 49 	83 6 40 4 15 	57 74 58 46 79 	58 5 33 7 78 	77 52 35 85 1 	77 52 35 85 1 	
16	20/04/1974	67 70 27 23 48 	4 48 76 7 68 	89 6 7 47 16 	21 22 64 79 24 	42 73 83 47 67 	53 37 21 66 65 	62 18 82 52 43 	90 13 59 12 10 	72 44 36 12 74 	54 68 42 86 3 	54 68 42 86 3 	
15	13/04/1974	86 42 63 64 41 	21 20 34 55 84 	59 31 71 79 12 	83 33 42 49 27 	26 23 70 22 54 	3 73 69 29 30 	14 89 57 13 45 	4 15 44 54 26 	4 73 38 75 25 	5 52 89 72 36 	5 52 89 72 36 	
14	06/04/1974	72 31 60 56 1 	40 68 76 8 53 	49 68 10 52 23 	64 14 85 41 74 	67 45 39 88 59 	49 59 62 80 67 	57 21 41 4 85 	9 61 50 75 57 	26 88 46 41 56 	51 56 30 22 7 	51 56 30 22 7 	
13	30/03/1974	47 46 73 54 9 	82 52 53 81 86 	90 16 47 85 84 	12 22 24 49 37 	13 48 81 24 12 	42 28 66 62 68 	69 89 52 42 6 	47 10 42 12 86 	66 20 72 83 17 	53 73 65 31 87 	53 73 65 31 87 	
12	23/03/1974	46 39 23 62 86 	62 57 23 12 89 	49 10 18 86 53 	42 21 2 89 50 	78 32 70 31 80 	22 1 67 83 46 	34 80 26 36 38 	71 34 64 70 32 	71 11 84 57 39 	88 46 60 33 70 	88 46 60 33 70 	
11	16/03/1974	61 54 68 86 22 	42 62 50 41 34 	40 85 63 10 22 	1 90 20 6 25 	51 38 6 49 66 	45 21 59 66 79 	29 70 22 46 69 	15 76 60 50 70 	34 77 37 48 14 	60 31 46 4 26 	60 31 46 4 26 	
10	09/03/1974	29 56 75 37 44 	75 68 73 63 39 	13 4 90 31 28 	40 28 6 7 73 	29 1 67 35 83 	64 90 10 36 1 	89 84 37 44 20 	89 20 65 18 16 	46 69 34 73 58 	82 38 89 35 30 	82 38 89 35 30 	
9	02/03/1974	66 16 62 42 73 	86 46 18 36 7 	17 53 37 41 4 	84 33 85 86 27 	88 80 64 60 57 	28 85 35 53 52 	63 76 40 80 81 	60 15 12 86 66 	19 80 38 51 22 	32 56 19 49 74 	32 56 19 49 74 	
8	23/02/1974	76 53 39 19 13 	84 72 55 17 83 	2 15 5 33 81 	24 26 87 32 15 	18 70 1 77 22 	40 44 46 55 54 	1 80 88 20 61 	49 65 28 32 6 	8 21 59 24 75 	90 79 57 62 71 	90 79 57 62 71 	
7	16/02/1974	15 57 49 11 62 	13 35 39 88 64 	1 79 52 45 36 	2 17 26 25 8 	64 44 87 22 62 	79 63 82 29 31 	77 51 68 55 84 	54 17 32 46 26 	60 39 24 81 9 	21 42 73 14 35 	21 42 73 14 35 	
6	09/02/1974	85 62 45 54 56 	37 21 53 80 62 	45 89 41 25 26 	69 18 52 49 10 	43 62 63 2 28 	21 33 42 29 54 	53 66 6 1 43 	89 50 45 29 73 	72 54 39 57 38 	77 36 69 80 78 	77 36 69 80 78 	
5	02/02/1974	85 59 87 15 5 	53 88 90 18 29 	81 34 89 82 63 	25 58 60 20 7 	86 28 50 48 52 	53 45 70 11 6 	53 60 36 16 66 	52 24 67 77 12 	19 15 62 26 90 	54 6 72 65 1 	54 6 72 65 1 	
4	26/01/1974	64 54 71 31 55 	59 66 72 1 13 	34 71 11 23 25 	32 25 43 16 90 	31 59 45 47 66 	78 31 6 45 52 	81 30 33 31 3 	19 18 81 1 12 	28 21 48 16 50 	35 43 7 15 3 	35 43 7 15 3 	
3	19/01/1974	33 42 36 44 70 	56 68 76 66 7 	71 81 54 16 79 	59 7 34 89 11 	73 65 43 33 23 	67 8 59 83 50 	52 16 17 30 32 	37 40 10 51 52 	46 33 67 77 79 	57 64 25 79 86 	57 64 25 79 86 	
2	12/01/1974	12 18 86 36 31 	44 38 68 86 83 	19 43 8 54 82 	38 66 29 24 81 	25 18 30 31 88 	30 24 15 41 64 	46 54 14 49 32 	80 21 23 9 83 	86 54 13 48 60 	4 58 82 63 72 	4 58 82 63 72 	
1	05/01/1974	64 11 89 87 63 	27 64 16 90 88 	10 4 28 40 50 	72 50 25 87 73 	67 41 86 58 7 	59 24 42 84 46 	9 46 30 47 64 	18 25 87 81 21 	31 51 29 49 60 	16 28 62 60 76 	16 28 62 60 76 	
