Lotto
Archivio estrazioni Lotto anno 1912 aggiornato al 28/12/1912
Concorso	Data	Bari	Cagliari	Firenze	Genova	Milano	Napoli	Palermo	Roma	Torino	Venezia	Nazionale	
52	28/12/1912	57 44 80 78 23 	     	11 67 59 82 38 	     	62 90 2 55 4 	35 75 20 49 43 	53 48 58 2 41 	58 37 82 77 2 	73 53 27 61 46 	10 6 86 29 13 	     	
51	21/12/1912	75 48 13 41 74 	75 48 13 41 74 	47 40 12 89 35 	47 40 12 89 35 	8 62 51 75 58 	50 16 66 63 26 	46 55 84 72 53 	85 47 68 8 22 	8 44 6 12 16 	61 28 51 24 63 	61 28 51 24 63 	
50	14/12/1912	90 80 34 12 15 	90 80 34 12 15 	50 17 80 82 81 	50 17 80 82 81 	52 44 32 72 84 	75 37 2 9 54 	67 70 37 42 8 	74 60 7 73 55 	60 61 8 62 15 	68 29 54 22 20 	68 29 54 22 20 	
49	07/12/1912	73 42 15 17 65 	73 42 15 17 65 	71 37 64 6 36 	71 37 64 6 36 	29 53 10 73 47 	55 12 35 36 1 	25 61 10 22 12 	90 27 70 78 13 	23 17 31 18 27 	85 51 18 59 49 	85 51 18 59 49 	
48	30/11/1912	48 21 31 83 71 	48 21 31 83 71 	45 62 86 20 68 	45 62 86 20 68 	23 36 65 61 58 	90 71 24 47 77 	48 27 32 31 30 	65 59 44 49 72 	49 26 80 54 28 	86 22 8 69 36 	86 22 8 69 36 	
47	23/11/1912	5 9 40 13 52 	5 9 40 13 52 	35 70 33 85 62 	35 70 33 85 62 	78 36 87 10 71 	20 2 14 16 27 	76 41 89 60 26 	14 56 19 32 29 	57 50 68 8 53 	42 79 72 5 65 	42 79 72 5 65 	
46	16/11/1912	18 63 17 57 35 	18 63 17 57 35 	20 32 7 51 11 	20 32 7 51 11 	53 8 3 81 26 	47 75 8 76 18 	82 81 63 44 15 	44 15 37 67 90 	52 58 24 47 39 	19 43 67 7 41 	19 43 67 7 41 	
45	09/11/1912	39 74 35 72 1 	39 74 35 72 1 	10 69 66 80 41 	10 69 66 80 41 	9 15 75 80 20 	25 62 5 9 52 	24 74 7 3 31 	38 81 83 41 20 	85 18 80 59 67 	48 43 16 64 37 	48 43 16 64 37 	
44	02/11/1912	43 62 87 85 46 	43 62 87 85 46 	80 62 29 35 30 	80 62 29 35 30 	31 75 49 45 55 	50 8 74 45 33 	83 35 71 53 58 	72 87 8 45 86 	25 59 83 90 28 	78 12 46 7 13 	78 12 46 7 13 	
43	26/10/1912	54 6 62 9 33 	54 6 62 9 33 	20 57 31 36 2 	20 57 31 36 2 	19 73 7 45 47 	84 26 72 44 29 	82 86 63 39 20 	76 10 58 44 84 	28 49 16 75 7 	61 15 38 9 76 	61 15 38 9 76 	
42	19/10/1912	39 22 85 3 59 	39 22 85 3 59 	6 41 37 67 73 	6 41 37 67 73 	1 40 70 87 24 	54 8 23 81 73 	62 9 16 6 71 	5 90 78 31 43 	68 20 54 40 63 	11 41 90 48 9 	11 41 90 48 9 	
41	12/10/1912	68 28 58 60 9 	68 28 58 60 9 	73 39 8 57 32 	73 39 8 57 32 	70 44 87 41 3 	32 73 83 80 49 	48 35 85 21 37 	20 8 66 72 5 	7 89 1 90 42 	3 84 56 4 12 	3 84 56 4 12 	
40	05/10/1912	78 66 22 89 10 	78 66 22 89 10 	34 49 45 85 30 	34 49 45 85 30 	32 88 5 60 24 	84 48 62 29 31 	26 19 69 72 55 	15 80 61 84 23 	80 77 49 10 87 	25 55 6 78 8 	25 55 6 78 8 	
39	28/09/1912	21 81 15 70 62 	21 81 15 70 62 	20 5 72 48 65 	20 5 72 48 65 	64 82 13 18 53 	77 17 82 63 30 	58 5 88 62 80 	29 13 25 57 7 	83 19 1 62 45 	83 63 38 62 16 	83 63 38 62 16 	
38	21/09/1912	31 71 44 62 55 	31 71 44 62 55 	58 40 53 75 73 	58 40 53 75 73 	32 88 8 66 17 	16 79 17 60 34 	15 79 75 11 78 	25 23 6 64 84 	57 70 88 1 62 	43 36 15 30 68 	43 36 15 30 68 	
37	14/09/1912	59 33 72 15 9 	59 33 72 15 9 	57 77 22 36 51 	57 77 22 36 51 	32 67 10 54 37 	59 18 46 56 26 	22 12 60 16 58 	8 33 11 15 79 	11 57 76 50 21 	53 84 8 55 62 	53 84 8 55 62 	
36	07/09/1912	18 73 67 26 43 	18 73 67 26 43 	42 10 72 27 11 	42 10 72 27 11 	3 89 67 23 6 	80 21 88 69 66 	10 6 64 7 58 	1 3 88 78 38 	38 9 2 28 8 	34 55 84 14 11 	34 55 84 14 11 	
35	31/08/1912	42 28 53 66 83 	42 28 53 66 83 	79 85 30 83 44 	79 85 30 83 44 	37 55 80 24 31 	2 45 8 14 35 	43 40 60 67 6 	19 77 71 61 69 	35 25 22 46 33 	35 33 39 30 54 	35 33 39 30 54 	
34	24/08/1912	52 20 5 6 40 	52 20 5 6 40 	17 44 15 45 48 	17 44 15 45 48 	73 70 32 89 77 	85 44 81 64 14 	28 10 24 85 41 	50 51 75 11 66 	10 60 42 80 34 	55 13 47 46 3 	55 13 47 46 3 	
33	17/08/1912	34 14 37 1 22 	34 14 37 1 22 	47 75 56 51 61 	47 75 56 51 61 	63 28 79 70 89 	50 36 21 17 86 	35 84 90 52 32 	36 52 3 89 48 	29 85 13 5 75 	63 23 32 28 3 	63 23 32 28 3 	
32	10/08/1912	42 84 2 43 78 	42 84 2 43 78 	36 49 15 52 90 	36 49 15 52 90 	2 63 90 75 26 	59 78 4 29 63 	40 11 31 3 73 	77 90 3 54 20 	63 83 43 79 74 	43 80 21 31 82 	43 80 21 31 82 	
31	03/08/1912	11 4 22 25 33 	11 4 22 25 33 	49 28 36 11 61 	49 28 36 11 61 	6 30 23 18 53 	1 33 32 47 23 	38 29 46 83 40 	52 46 58 33 57 	33 39 68 17 16 	45 89 5 32 21 	45 89 5 32 21 	
30	27/07/1912	53 59 43 37 35 	53 59 43 37 35 	15 3 87 47 79 	15 3 87 47 79 	60 9 65 4 59 	34 7 54 33 37 	87 28 30 69 80 	47 35 68 7 66 	34 44 32 61 26 	4 43 26 53 14 	4 43 26 53 14 	
29	20/07/1912	43 88 3 19 57 	43 88 3 19 57 	57 53 29 22 44 	57 53 29 22 44 	84 69 15 80 23 	86 9 24 74 26 	9 57 21 69 73 	33 77 86 19 23 	28 57 44 69 82 	61 57 44 35 85 	61 57 44 35 85 	
28	13/07/1912	13 16 12 76 23 	13 16 12 76 23 	30 27 64 59 57 	30 27 64 59 57 	10 5 47 63 26 	67 21 27 74 11 	23 51 35 44 30 	43 48 39 13 49 	3 35 21 26 76 	12 66 10 35 65 	12 66 10 35 65 	
27	06/07/1912	86 77 73 5 43 	86 77 73 5 43 	9 85 13 48 63 	9 85 13 48 63 	3 9 49 10 6 	4 29 60 66 54 	78 13 68 73 57 	82 87 42 1 26 	36 80 48 7 62 	15 9 86 24 21 	15 9 86 24 21 	
26	29/06/1912	71 10 70 34 62 	71 10 70 34 62 	29 36 60 46 84 	29 36 60 46 84 	14 7 81 51 3 	71 45 66 12 60 	69 7 88 56 84 	26 57 61 33 77 	64 29 37 60 83 	36 25 7 35 11 	36 25 7 35 11 	
25	22/06/1912	88 67 81 77 15 	88 67 81 77 15 	72 22 4 67 40 	72 22 4 67 40 	48 11 38 68 24 	42 83 30 47 60 	16 2 55 58 21 	41 20 10 61 62 	43 44 36 58 7 	43 27 14 20 58 	43 27 14 20 58 	
24	15/06/1912	31 19 38 62 72 	31 19 38 62 72 	69 71 59 12 80 	69 71 59 12 80 	21 53 23 79 13 	69 54 30 8 67 	69 23 61 30 58 	80 2 87 37 52 	1 28 32 80 59 	43 33 53 44 41 	43 33 53 44 41 	
23	08/06/1912	87 28 59 52 72 	87 28 59 52 72 	67 78 27 28 51 	67 78 27 28 51 	7 66 2 32 13 	29 9 78 17 18 	77 82 71 6 33 	69 62 3 8 80 	30 82 66 43 63 	9 59 40 44 49 	9 59 40 44 49 	
22	01/06/1912	75 58 12 27 54 	75 58 12 27 54 	17 42 5 70 11 	17 42 5 70 11 	30 52 13 82 49 	76 5 41 78 37 	65 86 37 40 49 	4 37 79 53 40 	57 76 58 31 51 	78 65 53 81 74 	78 65 53 81 74 	
21	25/05/1912	54 90 27 25 82 	54 90 27 25 82 	75 22 66 11 23 	75 22 66 11 23 	4 14 72 12 22 	49 63 35 11 50 	16 59 88 12 30 	18 72 9 69 49 	86 82 75 34 77 	40 90 45 44 48 	40 90 45 44 48 	
20	18/05/1912	2 8 56 53 16 	2 8 56 53 16 	34 1 36 69 39 	34 1 36 69 39 	41 75 80 85 15 	20 46 84 67 16 	53 54 50 90 70 	51 55 70 50 81 	84 9 2 46 24 	16 42 75 56 11 	16 42 75 56 11 	
19	11/05/1912	41 1 46 90 32 	41 1 46 90 32 	65 6 43 9 4 	65 6 43 9 4 	8 40 53 21 22 	37 30 28 29 21 	84 20 69 13 83 	66 14 41 44 90 	87 40 56 82 36 	71 84 28 44 68 	71 84 28 44 68 	
18	04/05/1912	19 22 60 10 18 	19 22 60 10 18 	72 69 87 57 60 	72 69 87 57 60 	23 76 46 51 90 	35 51 53 61 85 	67 90 18 38 25 	63 32 41 12 43 	26 74 57 85 51 	60 57 64 1 65 	60 57 64 1 65 	
17	27/04/1912	81 88 17 43 2 	81 88 17 43 2 	73 37 4 6 66 	73 37 4 6 66 	28 84 34 66 24 	36 82 46 73 19 	85 29 51 15 2 	11 43 86 19 18 	87 1 69 57 19 	23 52 18 74 68 	23 52 18 74 68 	
16	20/04/1912	16 89 77 38 83 	16 89 77 38 83 	67 12 52 77 5 	67 12 52 77 5 	80 69 36 38 67 	63 10 14 8 22 	44 37 56 19 77 	42 90 35 76 73 	52 54 66 41 36 	85 82 5 50 16 	85 82 5 50 16 	
15	13/04/1912	42 8 36 41 22 	42 8 36 41 22 	35 11 88 85 22 	35 11 88 85 22 	17 88 7 22 52 	87 22 16 35 19 	24 81 31 59 15 	67 1 14 79 59 	59 83 79 37 43 	14 31 30 83 85 	14 31 30 83 85 	
14	06/04/1912	4 47 68 41 28 	4 47 68 41 28 	9 29 19 3 63 	9 29 19 3 63 	23 29 50 7 62 	71 72 76 12 86 	55 72 5 36 78 	5 74 1 87 24 	7 89 14 51 19 	33 45 18 74 7 	33 45 18 74 7 	
13	30/03/1912	3 4 7 25 43 	3 4 7 25 43 	35 80 3 77 60 	35 80 3 77 60 	10 46 89 76 33 	64 50 56 90 69 	58 30 14 57 59 	30 77 54 82 68 	42 59 57 78 8 	59 82 21 79 84 	59 82 21 79 84 	
12	23/03/1912	89 27 41 71 86 	89 27 41 71 86 	86 34 65 47 88 	86 34 65 47 88 	61 9 71 40 7 	12 41 6 38 70 	37 34 16 45 65 	37 52 73 44 11 	12 6 47 61 58 	7 77 24 12 62 	7 77 24 12 62 	
11	16/03/1912	31 27 7 3 9 	31 27 7 3 9 	10 32 81 5 63 	10 32 81 5 63 	47 75 8 72 82 	89 17 32 72 15 	44 13 57 42 88 	43 77 60 89 85 	13 20 73 1 41 	11 57 5 65 42 	11 57 5 65 42 	
10	09/03/1912	27 30 60 88 84 	27 30 60 88 84 	5 23 89 78 20 	5 23 89 78 20 	53 87 16 89 77 	43 18 39 57 68 	37 17 74 45 89 	55 43 2 46 88 	77 15 85 7 35 	61 74 84 90 57 	61 74 84 90 57 	
9	02/03/1912	46 12 44 68 78 	46 12 44 68 78 	84 10 9 31 1 	84 10 9 31 1 	26 27 74 39 67 	55 37 14 49 51 	5 83 38 11 48 	7 35 57 64 70 	10 25 70 90 45 	4 87 57 62 38 	4 87 57 62 38 	
8	24/02/1912	32 58 16 46 21 	32 58 16 46 21 	32 48 58 31 41 	32 48 58 31 41 	61 65 31 60 53 	89 82 60 85 69 	10 23 60 80 83 	20 25 23 29 56 	31 53 55 36 35 	27 68 69 48 25 	27 68 69 48 25 	
7	17/02/1912	74 11 7 59 4 	74 11 7 59 4 	11 36 55 44 82 	11 36 55 44 82 	72 32 71 67 41 	16 18 49 43 17 	15 44 86 49 33 	67 45 74 21 17 	72 43 39 8 7 	54 69 5 11 71 	54 69 5 11 71 	
6	10/02/1912	3 40 32 73 46 	3 40 32 73 46 	63 82 32 2 7 	63 82 32 2 7 	88 83 71 75 3 	64 12 44 54 11 	79 31 45 63 52 	20 12 21 77 72 	75 39 51 38 76 	38 31 60 32 64 	38 31 60 32 64 	
5	03/02/1912	84 78 76 18 57 	84 78 76 18 57 	62 26 8 27 25 	62 26 8 27 25 	78 58 14 41 69 	54 6 1 66 10 	64 28 75 71 17 	69 51 33 27 21 	66 72 48 25 52 	9 33 48 73 70 	9 33 48 73 70 	
4	27/01/1912	32 15 5 18 72 	32 15 5 18 72 	29 43 22 32 48 	29 43 22 32 48 	9 71 39 37 36 	81 8 20 17 4 	66 74 4 83 16 	21 3 38 73 20 	59 87 89 47 10 	38 19 70 34 14 	38 19 70 34 14 	
3	20/01/1912	53 45 16 20 65 	53 45 16 20 65 	44 89 11 50 77 	44 89 11 50 77 	31 44 77 81 16 	26 76 63 34 48 	12 30 1 76 52 	72 61 7 51 79 	73 70 20 67 33 	73 22 48 72 35 	73 22 48 72 35 	
2	13/01/1912	17 3 80 16 47 	17 3 80 16 47 	57 90 9 18 40 	57 90 9 18 40 	61 8 55 32 22 	65 67 86 46 19 	5 66 31 22 64 	34 2 66 63 76 	71 37 19 74 42 	11 12 31 64 21 	11 12 31 64 21 	
1	06/01/1912	61 19 59 1 40 	61 19 59 1 40 	80 29 7 68 9 	80 29 7 68 9 	69 3 11 64 36 	30 78 25 80 74 	32 19 48 36 60 	7 63 6 36 18 	51 1 37 21 29 	28 69 43 81 90 	28 69 43 81 90 	
