Lotto
Archivio estrazioni Lotto anno 1982 aggiornato al 25/12/1982
Concorso	Data	Bari	Cagliari	Firenze	Genova	Milano	Napoli	Palermo	Roma	Torino	Venezia	Nazionale	
52	25/12/1982	13 31 74 77 2 	39 27 11 9 4 	32 64 75 41 88 	27 82 65 75 51 	17 72 83 34 8 	11 70 49 36 10 	16 72 76 88 40 	64 42 12 87 66 	43 37 39 57 21 	57 58 52 40 60 	     	
51	18/12/1982	49 71 67 11 84 	17 85 35 14 21 	29 12 21 18 14 	83 3 24 82 55 	57 32 55 60 83 	52 63 70 27 62 	48 46 45 59 36 	83 57 18 90 8 	75 23 66 84 86 	75 23 47 50 67 	75 23 47 50 67 	
50	11/12/1982	48 27 49 66 84 	75 8 89 14 81 	21 39 31 82 76 	67 24 46 84 50 	19 11 77 6 32 	38 84 66 62 57 	86 50 56 90 78 	1 46 35 9 55 	87 29 83 88 14 	69 11 51 21 67 	69 11 51 21 67 	
49	04/12/1982	16 84 56 5 4 	86 20 46 5 32 	64 28 27 8 40 	7 12 34 53 74 	71 68 51 27 56 	51 18 82 73 28 	56 81 30 60 3 	71 77 21 18 59 	5 74 71 55 7 	40 26 35 33 61 	40 26 35 33 61 	
48	27/11/1982	59 18 44 69 71 	43 39 7 61 26 	67 69 19 32 55 	27 13 22 20 73 	70 72 5 65 49 	5 24 47 46 38 	33 83 64 84 74 	68 5 9 28 10 	11 18 2 13 59 	31 79 46 22 10 	31 79 46 22 10 	
47	20/11/1982	73 54 53 22 76 	83 79 18 21 24 	54 78 4 8 84 	90 15 11 23 75 	25 83 57 41 82 	14 54 53 20 65 	69 37 64 34 22 	84 60 5 47 53 	38 73 55 14 15 	5 63 45 19 85 	5 63 45 19 85 	
46	13/11/1982	10 62 32 84 24 	4 40 82 32 67 	78 86 74 9 13 	79 33 5 77 23 	20 78 33 89 25 	72 23 22 52 80 	10 49 59 1 77 	38 83 33 77 8 	54 2 76 48 30 	31 85 50 63 77 	31 85 50 63 77 	
45	06/11/1982	42 72 10 4 47 	75 44 6 65 85 	69 43 89 50 22 	51 19 32 16 10 	78 73 62 24 14 	53 34 32 31 37 	75 13 7 2 48 	8 24 32 86 48 	72 33 40 15 63 	30 51 21 44 72 	30 51 21 44 72 	
44	30/10/1982	41 22 59 30 73 	7 27 77 90 76 	59 3 51 77 19 	1 77 44 64 36 	76 46 60 30 18 	59 11 56 38 50 	7 81 70 64 73 	84 50 49 30 11 	84 53 42 63 68 	57 4 16 87 59 	57 4 16 87 59 	
43	23/10/1982	19 46 68 69 32 	56 81 54 39 76 	81 17 72 1 10 	1 68 89 25 4 	63 55 21 53 32 	58 39 52 1 14 	6 67 43 29 84 	4 47 21 65 8 	23 25 67 18 55 	65 36 84 20 26 	65 36 84 20 26 	
42	16/10/1982	37 26 55 3 46 	81 55 23 40 75 	77 57 41 89 36 	14 59 49 11 5 	50 63 65 6 62 	78 21 4 44 81 	59 17 86 41 11 	41 61 38 80 30 	14 9 87 48 62 	72 2 58 57 38 	72 2 58 57 38 	
41	09/10/1982	88 5 81 79 47 	78 17 62 84 86 	72 25 11 81 74 	53 26 65 56 2 	82 33 51 39 70 	48 27 80 64 87 	13 37 32 3 49 	8 85 84 36 77 	67 69 19 33 64 	72 23 58 43 79 	72 23 58 43 79 	
40	02/10/1982	81 82 41 5 20 	78 43 29 49 64 	63 41 29 64 20 	67 70 77 38 57 	89 84 30 66 78 	34 82 71 77 2 	46 79 56 82 68 	65 35 89 57 14 	68 74 34 18 6 	9 45 30 55 51 	9 45 30 55 51 	
39	25/09/1982	33 50 63 87 88 	60 89 37 58 87 	36 13 69 32 31 	64 59 52 70 27 	90 45 35 87 57 	44 70 52 36 11 	72 39 60 32 20 	60 57 45 67 80 	88 28 42 67 5 	69 14 23 39 80 	69 14 23 39 80 	
38	18/09/1982	18 66 22 27 69 	1 33 30 2 62 	29 5 12 65 76 	47 16 52 9 67 	29 86 87 21 8 	39 44 12 56 88 	87 33 12 56 79 	19 82 8 39 65 	14 19 84 40 29 	5 83 41 21 32 	5 83 41 21 32 	
37	11/09/1982	62 74 17 5 68 	74 75 81 45 47 	3 77 12 75 53 	72 69 30 59 35 	36 13 51 59 83 	88 19 15 32 40 	7 53 2 74 15 	78 3 64 22 23 	71 30 20 15 34 	59 21 89 72 74 	59 21 89 72 74 	
36	04/09/1982	28 9 20 17 74 	74 71 15 37 3 	62 29 22 19 53 	83 16 73 34 62 	63 66 20 13 31 	72 45 44 69 7 	25 53 81 33 67 	14 23 76 89 82 	57 32 51 45 55 	86 74 90 3 46 	86 74 90 3 46 	
35	28/08/1982	58 81 62 24 39 	60 89 44 14 25 	7 36 49 28 42 	20 82 9 27 65 	43 47 78 13 36 	81 13 39 79 28 	69 15 60 72 67 	68 70 62 72 16 	67 79 80 90 78 	20 10 59 44 8 	20 10 59 44 8 	
34	21/08/1982	66 28 85 7 18 	77 72 87 21 9 	16 20 8 14 43 	32 81 77 38 78 	90 40 85 66 87 	73 19 70 52 81 	24 50 86 29 4 	62 10 54 68 50 	11 25 29 4 75 	31 59 17 68 6 	31 59 17 68 6 	
33	14/08/1982	15 65 10 29 87 	31 44 14 63 49 	53 47 22 77 90 	63 8 48 60 34 	84 44 62 69 75 	49 85 47 78 72 	83 59 25 20 41 	66 16 23 26 61 	9 31 19 25 5 	61 19 10 73 37 	61 19 10 73 37 	
32	07/08/1982	79 55 28 82 75 	4 25 47 50 43 	86 84 50 6 73 	78 89 13 5 53 	48 58 35 70 52 	2 46 23 89 66 	2 33 80 34 86 	47 78 44 82 48 	43 26 65 80 18 	70 27 21 88 74 	70 27 21 88 74 	
31	31/07/1982	9 73 34 84 20 	26 3 23 22 57 	46 82 11 74 77 	17 45 15 1 54 	15 65 46 6 1 	25 45 26 60 18 	34 14 45 44 63 	85 41 73 36 87 	32 19 27 3 11 	14 16 63 71 80 	14 16 63 71 80 	
30	24/07/1982	19 31 49 78 20 	21 5 59 32 24 	69 22 2 74 62 	14 87 30 57 72 	17 43 22 19 56 	32 13 90 26 14 	22 73 70 67 35 	71 56 48 41 65 	86 6 8 24 60 	40 35 65 59 52 	40 35 65 59 52 	
29	17/07/1982	17 83 8 77 52 	59 88 31 42 33 	52 90 54 67 22 	46 39 19 50 64 	60 2 70 63 48 	41 16 46 40 44 	61 83 90 43 11 	61 88 72 17 55 	54 7 36 13 42 	74 17 66 15 89 	74 17 66 15 89 	
28	10/07/1982	86 85 69 22 71 	86 71 87 67 36 	63 29 5 19 74 	37 47 32 18 50 	81 76 60 52 38 	2 60 56 50 17 	13 57 22 26 60 	62 4 73 80 75 	62 64 70 46 24 	54 21 64 31 74 	54 21 64 31 74 	
27	03/07/1982	69 51 61 58 30 	87 82 10 21 23 	32 25 15 52 45 	52 28 16 60 58 	14 52 27 55 79 	23 19 7 63 32 	1 48 90 69 89 	37 28 53 56 4 	24 69 33 1 37 	56 55 69 32 26 	56 55 69 32 26 	
26	26/06/1982	68 4 80 53 22 	64 81 40 80 1 	59 60 88 84 36 	38 80 1 46 20 	16 11 90 65 37 	53 60 33 70 59 	12 66 38 77 2 	74 8 45 14 2 	50 25 11 73 1 	56 21 53 69 72 	56 21 53 69 72 	
25	19/06/1982	13 34 68 86 28 	39 13 72 76 25 	89 28 90 22 16 	14 54 6 26 85 	49 30 24 13 8 	70 51 63 38 88 	74 70 72 86 27 	84 31 82 61 5 	37 69 26 86 88 	5 54 52 65 89 	5 54 52 65 89 	
24	12/06/1982	81 62 29 79 49 	46 45 89 33 47 	44 89 53 50 13 	58 10 70 11 59 	60 16 42 21 27 	65 33 31 78 21 	23 41 70 43 78 	68 83 9 26 33 	72 29 5 46 7 	7 54 39 9 70 	7 54 39 9 70 	
23	05/06/1982	60 50 14 67 68 	68 60 13 54 78 	34 43 9 28 69 	29 28 58 30 72 	38 51 20 61 82 	76 38 26 60 80 	76 42 71 8 7 	75 79 26 3 74 	5 77 8 15 7 	7 23 74 64 18 	7 23 74 64 18 	
22	29/05/1982	43 50 16 7 39 	51 30 6 90 29 	5 63 64 46 42 	83 38 8 86 71 	49 77 45 5 11 	89 50 51 59 20 	15 82 50 37 79 	89 74 65 71 77 	29 45 18 88 74 	83 70 30 40 17 	83 70 30 40 17 	
21	22/05/1982	53 12 51 63 50 	3 58 84 90 82 	24 47 83 82 76 	33 70 22 69 26 	46 1 55 24 31 	40 1 59 50 48 	55 19 6 84 38 	10 18 64 58 13 	35 65 42 53 29 	5 15 17 66 90 	5 15 17 66 90 	
20	15/05/1982	26 17 87 59 23 	57 27 74 75 41 	4 31 84 5 17 	27 69 39 46 16 	64 71 82 39 18 	77 40 56 49 87 	61 51 90 55 40 	70 54 43 42 90 	49 25 41 66 26 	49 30 5 52 56 	49 30 5 52 56 	
19	08/05/1982	69 46 66 27 16 	11 17 69 88 67 	65 62 50 16 58 	10 85 3 50 4 	24 22 18 90 89 	37 58 67 24 54 	2 78 27 82 9 	69 84 88 76 43 	33 51 46 17 69 	51 84 30 70 72 	51 84 30 70 72 	
18	01/05/1982	16 56 62 50 86 	13 79 28 90 22 	26 80 75 13 32 	62 42 78 82 17 	42 28 46 54 47 	51 31 66 2 54 	81 82 41 40 23 	75 41 20 37 89 	14 47 89 87 33 	67 66 20 8 32 	67 66 20 8 32 	
17	24/04/1982	53 20 37 8 10 	23 20 3 87 30 	15 43 23 50 31 	68 90 85 58 49 	63 4 39 3 11 	36 55 63 48 32 	77 69 17 61 43 	54 85 89 83 34 	80 37 16 45 28 	80 3 53 46 31 	80 3 53 46 31 	
16	17/04/1982	85 1 71 84 56 	59 80 87 32 23 	52 72 61 77 30 	87 83 56 22 79 	73 61 74 41 68 	51 58 79 86 31 	40 49 54 32 30 	8 2 61 53 46 	47 58 8 10 45 	24 31 54 47 76 	24 31 54 47 76 	
15	10/04/1982	55 26 76 4 16 	84 27 42 21 64 	64 60 83 40 16 	23 67 55 72 81 	19 37 81 8 13 	72 35 47 37 40 	74 85 30 43 38 	59 22 16 36 57 	55 37 83 8 6 	21 8 83 2 51 	21 8 83 2 51 	
14	03/04/1982	88 55 74 21 16 	56 33 24 79 65 	60 88 62 4 10 	67 15 42 68 16 	10 63 50 37 46 	45 44 83 24 53 	8 76 65 61 68 	62 41 38 50 6 	50 1 71 77 74 	15 34 20 31 87 	15 34 20 31 87 	
13	27/03/1982	32 72 81 80 20 	74 7 28 10 9 	87 18 48 76 1 	27 69 18 42 60 	88 18 34 14 12 	4 66 64 11 83 	17 30 31 21 22 	27 23 11 2 44 	58 20 86 25 28 	84 74 75 66 5 	84 74 75 66 5 	
12	20/03/1982	1 55 30 35 88 	67 59 10 82 81 	82 61 84 2 72 	18 36 12 66 28 	65 7 50 69 30 	5 52 43 12 79 	46 1 15 19 82 	38 70 87 84 24 	31 16 60 12 90 	43 32 45 11 63 	43 32 45 11 63 	
11	13/03/1982	44 73 13 50 55 	86 30 28 59 36 	46 55 75 65 57 	66 19 70 39 38 	67 77 24 34 44 	54 76 44 1 8 	67 70 79 3 84 	69 3 72 52 38 	72 15 45 66 81 	15 52 76 41 11 	15 52 76 41 11 	
10	06/03/1982	21 49 44 85 65 	62 77 43 82 31 	46 52 69 71 36 	29 89 52 54 81 	70 18 55 17 7 	75 8 36 18 30 	13 65 67 39 50 	66 48 19 24 4 	87 83 53 52 86 	39 33 14 17 58 	39 33 14 17 58 	
9	27/02/1982	74 42 31 1 41 	57 73 49 83 75 	41 60 5 23 72 	16 20 26 89 88 	3 42 20 70 31 	12 20 47 36 75 	39 15 14 8 65 	38 90 55 75 3 	42 9 11 51 63 	8 29 84 55 44 	8 29 84 55 44 	
8	20/02/1982	5 62 71 90 44 	84 29 72 88 15 	6 7 20 10 15 	85 62 33 79 35 	76 67 10 19 42 	17 70 10 9 25 	34 48 35 51 75 	63 90 74 41 85 	22 29 55 52 66 	77 79 41 2 54 	77 79 41 2 54 	
7	13/02/1982	89 18 8 15 36 	13 79 24 78 88 	22 49 83 50 1 	70 65 59 48 33 	2 72 52 76 34 	41 45 77 63 22 	18 75 58 28 1 	85 47 11 46 84 	3 23 58 48 90 	62 19 78 16 53 	62 19 78 16 53 	
6	06/02/1982	60 66 3 80 33 	67 7 21 6 29 	44 6 60 20 46 	54 52 45 15 36 	83 4 37 82 10 	44 34 39 36 88 	65 38 11 46 53 	21 65 47 70 25 	8 33 19 11 64 	24 70 40 16 17 	24 70 40 16 17 	
5	30/01/1982	45 83 77 39 47 	45 28 23 40 55 	7 68 83 48 33 	67 44 10 2 4 	35 12 64 46 48 	90 75 70 6 3 	82 7 88 73 83 	60 70 81 33 32 	79 48 27 51 17 	77 68 59 2 51 	77 68 59 2 51 	
4	23/01/1982	69 6 86 85 44 	51 72 81 48 73 	49 27 26 22 54 	52 60 54 45 37 	90 58 38 52 33 	82 25 11 35 66 	46 28 61 9 12 	28 72 69 6 78 	30 34 41 7 1 	1 16 5 55 9 	1 16 5 55 9 	
3	16/01/1982	18 2 13 10 86 	71 17 79 56 88 	60 22 69 8 36 	66 15 32 52 2 	58 4 64 80 37 	90 18 80 17 41 	47 10 88 76 21 	30 51 59 40 43 	90 69 79 35 21 	8 79 74 20 53 	8 79 74 20 53 	
2	09/01/1982	35 51 62 3 82 	59 78 23 17 71 	3 33 54 26 45 	61 2 33 90 5 	10 66 27 60 22 	20 28 8 65 42 	42 39 66 87 23 	73 7 77 32 66 	66 81 84 82 61 	13 15 72 84 14 	13 15 72 84 14 	
1	02/01/1982	15 88 20 40 4 	36 74 61 27 78 	58 70 53 55 11 	58 78 57 41 52 	66 16 42 55 61 	78 10 81 74 15 	68 56 51 28 38 	19 2 41 31 37 	80 25 66 43 69 	85 7 88 71 51 	85 7 88 71 51 	
