Lotto
Archivio estrazioni Lotto anno 2007 aggiornato al 29/12/2007
Concorso	Data	Bari	Cagliari	Firenze	Genova	Milano	Napoli	Palermo	Roma	Torino	Venezia	Nazionale	
156	29/12/2007	70 7 48 38 51 	64 71 84 17 7 	26 22 85 90 58 	37 36 34 55 1 	84 52 72 6 36 	74 85 61 23 6 	12 43 90 87 9 	87 23 26 7 41 	48 39 10 81 44 	46 15 82 51 34 	11 58 40 17 39 	
155	27/12/2007	37 89 53 27 20 	20 54 37 64 86 	13 55 25 48 24 	71 64 57 40 42 	6 19 78 70 13 	72 4 19 12 50 	19 23 1 36 14 	67 14 37 11 89 	9 75 68 26 49 	49 61 21 89 76 	1 84 36 75 12 	
154	24/12/2007	49 46 22 30 69 	52 72 86 61 55 	69 38 10 35 44 	81 12 21 3 80 	35 83 57 25 82 	29 89 68 69 79 	31 45 14 36 28 	74 55 67 56 50 	85 16 28 12 19 	16 36 83 35 40 	28 14 50 66 65 	
153	22/12/2007	14 23 8 27 88 	42 11 48 50 33 	3 84 72 24 43 	63 45 76 73 14 	66 56 40 79 67 	50 35 26 72 66 	87 29 37 19 73 	30 31 23 50 34 	7 57 60 67 78 	47 1 82 42 68 	48 41 44 43 90 	
152	20/12/2007	22 60 32 79 82 	11 76 90 48 53 	10 7 57 45 65 	71 6 33 15 43 	6 5 54 27 84 	13 32 29 2 63 	17 34 18 47 50 	46 32 30 55 50 	7 83 28 68 20 	43 28 76 5 32 	85 72 64 12 88 	
151	18/12/2007	65 3 60 26 70 	88 53 22 23 74 	29 66 81 76 40 	62 41 53 10 79 	33 3 29 9 79 	80 23 87 62 90 	28 64 88 50 4 	35 88 60 54 18 	15 87 45 30 12 	69 9 7 31 64 	7 71 85 69 32 	
150	15/12/2007	61 30 3 64 58 	62 55 69 34 1 	63 68 57 23 9 	16 29 69 15 26 	86 44 69 50 60 	25 71 77 29 67 	43 18 87 71 14 	31 70 24 66 64 	68 26 14 79 73 	23 46 39 33 48 	39 33 31 78 11 	
149	13/12/2007	20 71 87 14 22 	32 56 34 61 44 	72 84 10 57 32 	67 2 23 21 69 	39 80 89 15 65 	39 22 15 78 13 	55 13 1 76 63 	12 31 76 23 58 	65 33 27 85 55 	15 6 16 25 87 	52 43 74 14 69 	
148	11/12/2007	82 49 60 87 55 	24 76 12 29 80 	28 23 6 89 37 	20 65 63 8 23 	85 90 15 29 17 	9 47 57 5 56 	71 9 83 46 3 	28 12 61 68 42 	51 17 12 62 26 	37 20 44 90 46 	1 2 61 55 83 	
147	10/12/2007	5 27 73 75 85 	81 78 89 67 39 	13 8 86 81 40 	79 19 46 47 43 	63 17 31 32 54 	30 68 77 75 20 	28 26 77 6 65 	42 83 2 77 8 	57 29 80 15 4 	84 68 13 55 58 	66 39 68 37 9 	
146	06/12/2007	84 68 70 5 71 	33 11 47 21 56 	83 12 29 19 76 	9 12 47 40 45 	33 56 21 70 34 	37 61 72 52 38 	48 75 76 6 16 	65 89 3 5 10 	41 75 29 46 65 	55 11 19 84 39 	88 14 58 89 36 	
145	04/12/2007	3 1 17 85 8 	87 55 29 86 21 	69 47 78 70 35 	51 63 48 56 65 	10 46 21 59 68 	85 76 14 28 86 	40 21 66 47 80 	54 51 9 69 63 	17 8 14 27 15 	43 62 76 38 10 	13 75 33 82 29 	
144	01/12/2007	55 57 78 66 50 	76 79 44 85 58 	6 36 46 40 60 	77 81 24 63 39 	76 20 81 43 90 	6 19 20 58 86 	53 69 52 12 16 	30 88 64 11 54 	25 17 32 47 28 	17 84 81 6 34 	70 46 67 39 66 	
143	29/11/2007	66 47 29 78 89 	83 78 14 11 26 	76 60 25 39 72 	67 41 29 11 49 	43 65 23 41 51 	17 44 14 78 90 	42 64 21 39 87 	41 22 45 79 53 	37 81 84 62 90 	8 84 23 18 57 	46 88 74 22 17 	
142	27/11/2007	39 90 21 12 89 	59 41 58 46 70 	79 42 75 90 33 	64 83 46 21 52 	22 17 90 83 14 	2 58 24 64 8 	61 58 6 62 15 	79 28 20 73 86 	76 71 13 8 7 	84 75 64 48 62 	23 68 19 22 59 	
141	24/11/2007	81 83 7 9 67 	87 86 77 80 57 	37 11 63 87 69 	90 59 29 21 86 	90 27 77 38 32 	26 46 37 49 63 	53 18 78 63 35 	86 19 55 63 20 	72 87 68 48 70 	31 65 82 51 34 	60 34 43 70 30 	
140	22/11/2007	57 64 54 32 6 	61 53 24 41 56 	2 59 10 57 33 	34 58 9 7 84 	55 33 16 48 59 	61 14 79 63 38 	51 34 55 9 85 	82 72 44 75 80 	76 78 85 39 62 	15 17 35 33 36 	60 21 66 52 6 	
139	20/11/2007	30 19 33 28 52 	22 8 81 33 59 	18 76 89 54 71 	56 9 24 69 51 	1 81 67 5 18 	75 7 67 59 65 	65 84 29 44 19 	34 12 15 27 62 	4 88 89 33 29 	18 31 79 9 17 	45 3 53 27 55 	
138	17/11/2007	40 63 18 5 27 	56 24 14 40 32 	63 42 34 44 1 	31 13 63 76 3 	28 67 65 5 50 	68 44 21 72 80 	86 43 47 42 15 	18 32 69 22 70 	84 21 47 45 73 	71 18 50 51 20 	68 60 3 67 35 	
137	15/11/2007	9 34 35 45 59 	29 90 63 22 32 	76 3 65 80 8 	78 51 77 83 14 	69 11 13 4 47 	4 30 37 22 39 	74 39 72 3 87 	85 23 43 42 34 	1 25 64 85 43 	86 23 2 55 1 	11 19 38 18 82 	
136	13/11/2007	2 89 81 23 56 	21 89 63 15 39 	68 41 56 89 18 	24 76 25 74 40 	79 24 34 85 44 	33 39 20 16 59 	1 89 87 56 38 	62 64 26 20 35 	21 62 29 42 6 	14 43 25 85 68 	21 76 66 1 28 	
135	10/11/2007	54 72 73 11 65 	30 86 65 80 46 	52 79 70 14 77 	80 66 88 32 16 	88 1 17 41 38 	50 74 43 51 81 	39 36 55 32 3 	6 28 72 18 5 	23 78 42 38 49 	51 78 26 4 33 	49 86 63 57 77 	
134	08/11/2007	29 66 20 13 69 	14 34 79 8 84 	16 6 78 36 24 	82 60 36 86 52 	38 13 17 21 5 	72 71 10 12 90 	62 45 21 14 22 	84 48 66 41 23 	63 84 26 90 32 	66 20 34 16 39 	28 14 59 44 61 	
133	06/11/2007	78 8 29 66 46 	34 31 81 12 26 	32 87 74 46 16 	86 43 8 72 9 	55 70 12 48 44 	18 64 29 31 59 	13 48 4 61 3 	46 33 45 34 17 	53 22 4 71 52 	59 14 68 55 82 	66 53 17 55 15 	
132	03/11/2007	64 18 70 17 48 	87 68 27 1 28 	11 79 88 89 6 	1 81 6 27 75 	44 12 34 47 40 	31 88 21 78 69 	31 89 71 12 32 	83 11 58 90 79 	70 74 77 53 23 	34 36 63 78 45 	37 76 8 34 15 	
131	02/11/2007	31 25 36 41 86 	63 39 76 80 12 	60 81 50 77 72 	38 57 12 49 31 	51 6 62 45 56 	72 40 2 31 77 	73 17 61 66 5 	29 7 83 45 77 	49 1 22 39 10 	69 35 64 2 88 	50 10 21 9 58 	
130	30/10/2007	73 34 31 2 69 	41 34 40 87 50 	39 56 3 5 26 	86 41 31 79 90 	54 13 45 26 20 	63 37 27 38 19 	22 36 71 57 80 	68 75 72 22 47 	68 50 9 83 56 	12 29 35 82 59 	15 73 14 43 70 	
129	27/10/2007	57 21 82 5 24 	81 2 85 87 30 	7 68 51 50 22 	73 58 84 19 79 	42 31 15 44 82 	39 16 62 52 20 	42 19 38 41 12 	56 50 1 89 46 	84 44 23 30 87 	18 84 34 36 82 	73 17 47 5 45 	
128	25/10/2007	3 30 41 8 66 	55 8 64 7 23 	30 7 41 60 77 	26 11 2 33 18 	6 22 71 24 88 	89 9 84 57 71 	7 76 32 34 9 	67 6 70 11 19 	24 1 88 39 84 	11 16 53 34 64 	7 28 25 69 2 	
127	23/10/2007	90 44 51 50 88 	2 36 77 4 33 	10 36 13 32 48 	2 39 60 9 44 	62 7 22 44 71 	1 15 57 40 3 	71 82 2 19 84 	26 62 47 10 21 	78 25 88 46 2 	43 72 79 50 31 	32 55 15 61 44 	
126	20/10/2007	17 4 81 34 44 	84 72 63 42 70 	36 58 18 34 29 	11 37 70 34 3 	72 89 9 24 27 	20 52 40 61 81 	57 85 89 79 47 	11 27 63 19 40 	53 78 86 20 77 	51 47 49 83 52 	89 43 32 11 51 	
125	18/10/2007	2 68 48 44 62 	22 53 76 70 88 	81 70 65 7 38 	76 60 81 68 12 	51 22 82 41 77 	24 21 50 33 85 	62 88 18 20 21 	55 26 65 57 4 	49 6 77 68 76 	53 8 49 45 37 	27 83 52 88 9 	
124	16/10/2007	7 2 63 3 30 	8 55 1 67 64 	77 82 75 51 18 	66 52 26 51 73 	65 63 5 3 69 	72 34 11 59 31 	58 85 84 11 26 	77 21 45 14 69 	21 29 33 90 85 	85 66 43 18 35 	23 77 27 37 38 	
123	13/10/2007	42 88 38 80 23 	6 15 50 23 51 	44 2 23 27 15 	74 67 79 7 69 	80 33 52 19 39 	41 22 53 54 14 	86 50 40 68 20 	12 34 56 70 28 	27 15 2 37 31 	37 89 30 27 3 	46 85 30 77 42 	
122	11/10/2007	71 24 82 16 31 	54 69 85 67 23 	76 66 81 33 73 	60 19 64 90 78 	78 49 14 15 24 	37 35 76 70 59 	49 71 70 86 37 	18 38 20 6 78 	87 10 44 11 80 	23 33 20 72 64 	35 84 73 24 13 	
121	09/10/2007	51 53 14 52 1 	67 33 21 84 47 	17 35 36 23 25 	69 7 77 29 84 	7 81 87 26 59 	57 16 86 35 39 	9 25 27 2 8 	78 83 55 4 84 	60 12 68 83 58 	87 46 70 86 6 	20 17 6 33 30 	
120	06/10/2007	21 59 58 48 87 	40 53 5 82 2 	70 89 66 30 13 	20 26 19 49 50 	43 32 36 68 86 	3 54 89 87 61 	69 21 19 73 14 	20 59 67 76 37 	24 71 70 38 85 	78 40 68 79 14 	11 45 50 90 17 	
119	04/10/2007	87 62 50 77 48 	11 82 21 65 7 	17 50 10 23 39 	44 19 58 24 79 	77 10 52 63 35 	33 25 72 68 48 	51 59 30 10 67 	87 3 54 82 21 	53 11 61 32 29 	16 63 48 81 44 	42 80 35 54 86 	
118	02/10/2007	48 42 74 28 59 	36 57 44 7 53 	61 77 31 56 60 	14 31 23 73 24 	8 11 32 38 61 	23 33 52 22 13 	62 7 73 35 33 	62 49 85 16 56 	52 62 59 15 35 	47 9 69 70 62 	54 35 24 2 63 	
117	29/09/2007	20 51 73 19 63 	83 61 32 76 46 	21 81 15 8 23 	89 43 87 39 20 	11 54 12 47 89 	8 90 79 85 22 	17 56 46 55 13 	80 79 89 15 65 	27 70 58 35 21 	11 64 28 88 38 	35 66 68 67 79 	
116	27/09/2007	46 63 59 48 23 	2 16 17 53 82 	48 86 30 5 78 	9 14 31 71 44 	55 12 4 1 24 	23 66 84 28 25 	63 16 77 64 17 	2 37 57 48 25 	34 53 10 52 30 	15 44 10 51 17 	83 61 54 74 82 	
115	25/09/2007	48 59 70 29 90 	27 34 4 64 84 	14 42 7 32 27 	19 59 54 66 49 	68 31 47 53 23 	22 74 9 70 78 	18 78 84 26 5 	10 79 57 65 42 	46 20 76 19 26 	38 8 60 53 73 	24 40 36 17 50 	
114	22/09/2007	85 90 69 82 74 	9 67 66 52 78 	79 10 69 18 27 	44 84 13 52 68 	52 64 66 32 58 	86 5 81 70 88 	85 4 52 56 66 	68 24 81 22 83 	62 30 18 70 77 	20 50 14 73 52 	68 55 85 10 22 	
113	20/09/2007	49 81 69 27 58 	89 22 59 64 29 	87 75 78 23 41 	76 52 53 61 12 	38 39 88 65 70 	10 33 36 14 37 	20 35 49 53 27 	24 84 82 25 59 	23 42 58 84 56 	77 82 3 7 46 	48 17 34 2 58 	
112	18/09/2007	17 3 23 38 35 	29 88 6 12 74 	68 12 33 53 37 	30 28 19 26 35 	80 53 74 43 81 	56 79 4 54 13 	30 11 89 48 24 	7 71 18 79 66 	63 20 78 80 86 	19 2 11 78 23 	28 29 67 20 30 	
111	15/09/2007	57 67 66 39 29 	66 68 86 30 29 	30 52 36 14 16 	35 90 22 87 25 	75 58 39 10 28 	64 70 19 16 68 	10 39 59 82 34 	72 43 51 40 10 	85 41 54 19 28 	49 56 25 38 9 	3 34 26 17 35 	
110	13/09/2007	59 23 85 76 3 	21 28 42 8 20 	65 37 8 48 19 	33 25 5 44 85 	82 63 59 28 36 	23 81 56 15 14 	78 33 46 2 54 	15 6 36 12 74 	8 4 20 53 71 	41 5 68 20 27 	79 2 30 32 51 	
109	11/09/2007	78 8 83 36 60 	56 29 36 81 32 	3 19 10 54 13 	19 12 80 43 14 	73 5 71 37 53 	39 22 41 1 17 	19 70 67 15 24 	4 54 79 46 22 	20 80 9 78 53 	80 65 69 63 35 	5 82 73 77 80 	
108	08/09/2007	31 35 53 26 73 	4 47 68 84 70 	9 59 81 53 88 	35 15 71 39 66 	70 84 6 58 13 	32 39 81 13 52 	47 12 39 79 21 	89 59 49 57 17 	56 23 83 31 41 	19 66 43 11 55 	5 87 23 8 11 	
107	06/09/2007	26 20 13 34 79 	6 4 28 83 47 	25 7 44 70 8 	36 55 57 4 71 	9 64 16 25 27 	70 22 44 72 63 	16 78 50 55 5 	22 5 18 10 20 	5 24 32 49 44 	64 86 18 76 22 	63 57 19 85 80 	
106	04/09/2007	66 2 85 21 32 	74 63 39 89 41 	9 40 73 65 63 	1 39 63 89 21 	62 51 7 82 28 	5 42 73 6 69 	5 51 1 9 87 	6 89 36 72 31 	87 36 82 26 42 	10 28 51 59 77 	3 25 67 8 19 	
105	01/09/2007	84 80 46 50 20 	40 14 72 44 52 	1 33 65 14 19 	27 64 16 78 8 	37 13 64 40 36 	57 60 73 89 16 	39 14 78 8 36 	35 61 2 26 47 	32 35 19 57 11 	67 18 52 19 76 	31 49 32 39 13 	
104	30/08/2007	48 21 67 66 49 	16 50 41 83 75 	19 41 37 32 42 	1 24 86 84 68 	19 88 71 73 46 	60 54 83 68 73 	56 62 88 37 21 	49 13 38 22 32 	49 2 30 5 88 	76 75 37 59 84 	56 23 77 62 39 	
103	28/08/2007	75 23 6 37 50 	5 23 44 50 66 	83 24 53 59 66 	15 43 22 65 7 	6 90 17 26 62 	81 48 46 63 11 	36 33 85 79 70 	18 5 59 81 64 	15 23 12 72 34 	72 50 56 31 80 	75 10 5 90 80 	
102	25/08/2007	30 14 45 23 71 	47 30 26 71 15 	4 78 54 60 51 	62 87 70 18 73 	34 6 77 57 78 	23 89 22 83 72 	57 81 56 35 66 	25 15 34 19 89 	58 67 89 19 21 	40 67 71 85 36 	70 84 60 22 40 	
101	23/08/2007	87 31 33 17 43 	47 28 73 61 74 	46 61 89 72 9 	25 10 86 68 38 	80 20 82 85 34 	49 86 56 82 11 	8 9 83 16 76 	55 39 63 89 61 	50 14 84 36 35 	8 64 9 5 82 	67 46 38 39 33 	
100	21/08/2007	55 79 31 73 7 	39 10 41 57 7 	58 79 5 62 49 	41 62 49 53 7 	27 71 84 60 5 	45 68 35 21 85 	11 88 46 2 43 	53 79 30 39 45 	31 9 34 17 30 	34 30 89 64 77 	85 72 6 73 79 	
99	18/08/2007	67 9 58 2 61 	85 48 19 28 10 	60 28 47 64 56 	75 6 19 56 83 	87 51 59 84 39 	88 46 64 49 90 	25 78 51 9 38 	1 18 17 67 63 	67 7 51 82 61 	75 4 60 67 87 	14 57 47 13 81 	
98	16/08/2007	16 47 22 6 38 	25 67 46 28 90 	69 74 20 10 5 	89 4 62 74 72 	78 48 53 74 9 	16 38 13 80 6 	37 54 16 43 40 	24 66 34 27 84 	85 71 52 53 55 	25 28 48 59 17 	4 32 53 47 41 	
97	14/08/2007	14 72 58 22 85 	9 74 39 89 28 	60 26 38 47 89 	65 67 30 63 80 	44 78 81 23 76 	52 39 45 40 66 	19 30 15 35 13 	71 51 89 5 20 	8 75 3 20 86 	57 36 76 81 54 	18 15 84 70 60 	
96	11/08/2007	30 74 69 31 38 	34 90 77 83 14 	41 68 85 7 73 	40 19 25 36 28 	37 79 75 49 48 	62 45 51 29 71 	68 43 82 80 78 	65 15 57 75 49 	76 55 74 75 58 	40 64 14 81 52 	64 71 29 59 8 	
95	09/08/2007	62 55 4 45 65 	71 52 78 48 8 	57 54 34 65 30 	2 13 76 51 45 	83 51 11 19 46 	34 17 59 63 81 	79 87 7 49 12 	39 60 27 14 77 	16 77 11 78 50 	13 9 67 58 5 	3 39 34 49 20 	
94	07/08/2007	29 32 72 4 68 	6 79 5 26 64 	50 88 65 21 32 	67 86 71 72 36 	73 29 25 90 60 	67 2 37 72 24 	21 15 38 53 67 	55 90 52 21 62 	36 28 67 5 4 	24 23 77 25 33 	85 84 44 39 77 	
93	04/08/2007	84 37 82 15 54 	81 2 3 56 79 	71 40 21 83 31 	19 37 33 17 42 	46 19 81 80 62 	87 43 90 47 75 	41 60 65 17 75 	64 17 42 23 66 	29 53 23 64 20 	81 29 78 82 70 	22 67 86 83 55 	
92	02/08/2007	55 40 67 12 71 	37 42 86 85 20 	59 32 16 75 66 	86 37 69 85 66 	66 56 64 52 15 	16 36 29 51 13 	24 58 54 26 57 	51 15 62 20 37 	70 40 65 77 8 	41 50 58 3 30 	52 19 6 45 73 	
91	31/07/2007	83 40 8 64 53 	89 25 37 66 34 	72 27 38 53 24 	28 66 2 54 43 	38 44 56 72 33 	84 33 61 60 70 	65 53 32 57 10 	12 13 67 62 68 	53 57 74 45 7 	31 4 41 28 45 	61 9 32 52 58 	
90	28/07/2007	38 46 79 62 4 	16 53 32 50 37 	84 53 54 44 38 	36 86 6 22 2 	71 6 47 9 65 	63 71 32 54 7 	8 56 54 86 57 	47 20 76 49 53 	18 31 20 14 2 	69 55 87 13 7 	36 74 23 72 42 	
89	26/07/2007	81 21 24 40 9 	42 50 65 54 18 	36 2 64 44 6 	5 63 59 75 32 	87 53 57 58 40 	20 5 43 69 6 	22 38 11 85 75 	68 35 31 65 18 	89 88 35 75 61 	52 89 58 29 18 	55 15 39 41 8 	
88	24/07/2007	43 90 63 37 46 	58 59 89 77 38 	61 69 32 65 5 	87 72 75 30 82 	56 70 11 32 28 	73 30 14 58 87 	81 60 79 9 33 	62 89 45 61 13 	71 35 61 85 47 	75 69 30 43 61 	73 75 72 86 35 	
87	21/07/2007	75 44 77 15 31 	15 57 88 71 61 	62 65 67 61 69 	28 55 43 64 90 	69 25 79 61 33 	64 69 22 88 73 	18 79 21 69 16 	81 5 79 28 3 	6 44 55 40 12 	3 59 23 74 58 	6 77 72 30 13 	
86	19/07/2007	62 60 2 19 40 	59 56 13 90 73 	33 64 88 19 47 	9 63 77 48 51 	21 85 45 50 20 	30 2 23 31 88 	45 77 56 20 74 	70 22 37 15 43 	53 76 35 41 74 	70 57 29 65 48 	3 38 25 63 58 	
85	17/07/2007	23 89 82 39 81 	35 3 69 13 72 	89 31 79 2 33 	52 22 75 85 30 	62 46 34 70 89 	69 86 50 33 23 	65 62 69 2 28 	31 57 37 70 38 	36 81 59 83 79 	49 43 79 2 71 	46 18 21 31 6 	
84	14/07/2007	27 28 50 46 64 	1 19 23 79 74 	85 32 17 13 54 	83 39 78 58 8 	33 68 56 23 73 	63 78 69 85 38 	56 34 52 67 49 	44 20 70 67 39 	45 18 33 51 57 	63 79 35 19 28 	40 53 83 16 41 	
83	12/07/2007	56 27 2 65 19 	26 56 19 61 24 	79 25 4 89 73 	71 33 36 77 56 	1 68 18 88 73 	51 61 15 22 81 	68 58 63 16 7 	35 43 60 85 59 	11 3 40 25 69 	63 88 66 7 33 	7 63 25 50 41 	
82	10/07/2007	53 70 65 79 9 	58 32 13 30 87 	83 38 29 22 79 	72 56 44 41 11 	89 80 31 51 32 	53 14 50 60 83 	42 15 89 19 38 	68 1 27 20 55 	43 16 21 53 65 	75 77 85 54 65 	78 38 65 25 26 	
81	07/07/2007	45 64 5 39 35 	49 16 11 1 53 	32 51 15 70 61 	88 5 69 14 25 	83 8 53 18 55 	77 21 53 28 36 	69 31 78 43 71 	87 42 11 28 33 	46 37 53 22 10 	19 22 37 52 85 	3 26 11 12 85 	
80	05/07/2007	84 35 23 78 13 	4 37 14 86 79 	86 53 73 62 30 	81 6 51 42 5 	52 50 5 86 74 	8 67 1 57 84 	73 58 28 12 7 	24 4 59 47 51 	77 88 83 71 14 	51 13 59 9 63 	11 34 30 45 41 	
79	03/07/2007	23 36 9 85 75 	39 10 87 2 3 	39 44 75 17 55 	76 44 58 88 27 	54 5 88 45 24 	79 69 7 25 8 	87 85 21 39 64 	19 28 77 73 68 	27 88 61 10 50 	42 58 76 35 64 	43 80 70 9 34 	
78	30/06/2007	4 14 72 88 34 	6 62 86 9 81 	66 90 40 75 85 	21 74 68 53 59 	66 30 83 50 87 	69 51 53 58 84 	24 59 47 16 5 	61 75 39 69 73 	83 48 24 71 57 	67 30 8 4 27 	24 5 90 40 48 	
77	28/06/2007	47 85 72 46 58 	16 35 76 84 13 	20 76 70 46 66 	63 52 20 2 22 	3 33 23 88 8 	83 62 78 76 30 	52 35 19 72 18 	90 74 41 54 81 	31 20 59 23 52 	75 64 26 42 77 	22 41 70 27 79 	
76	26/06/2007	69 78 83 14 67 	90 75 10 13 80 	6 70 74 83 71 	46 5 86 12 29 	15 31 7 17 20 	70 47 41 48 55 	45 12 13 84 90 	47 2 85 51 60 	70 67 26 85 20 	40 76 64 5 62 	18 79 4 89 34 	
75	23/06/2007	65 77 41 12 62 	37 62 2 9 58 	42 86 50 13 17 	44 76 18 51 17 	90 76 2 6 11 	15 12 73 48 82 	68 65 13 80 17 	70 81 45 68 41 	36 64 71 52 84 	46 40 68 67 39 	40 22 34 38 29 	
74	21/06/2007	35 5 7 49 61 	9 88 85 63 71 	2 64 78 46 40 	48 67 6 74 52 	77 60 30 69 22 	10 69 43 7 73 	90 26 3 81 47 	90 67 44 81 63 	82 53 84 80 72 	51 65 58 67 42 	80 59 6 78 81 	
73	19/06/2007	2 86 64 83 70 	74 1 87 62 32 	65 37 53 49 43 	82 24 44 84 75 	41 79 90 64 88 	80 13 45 72 63 	1 53 77 23 46 	26 38 43 78 63 	24 25 41 15 50 	37 18 32 85 67 	27 72 28 18 26 	
72	16/06/2007	32 11 28 82 59 	49 87 56 5 8 	66 28 26 84 25 	19 87 35 15 6 	29 58 26 71 89 	29 73 6 38 13 	39 31 35 37 86 	43 60 49 71 19 	76 86 58 57 33 	60 61 83 26 51 	6 62 8 40 61 	
71	14/06/2007	12 42 83 24 89 	74 64 30 35 68 	46 24 85 76 65 	48 23 65 6 78 	44 9 53 26 38 	86 59 13 61 6 	42 55 72 18 8 	86 52 61 90 11 	68 64 42 34 55 	25 12 22 34 87 	34 89 27 77 54 	
70	12/06/2007	17 89 38 55 26 	76 2 86 46 55 	1 65 84 51 86 	17 7 67 80 36 	61 38 31 40 82 	14 11 54 1 87 	66 54 28 55 89 	47 18 75 46 81 	84 17 6 25 50 	13 89 79 28 31 	53 80 9 72 90 	
69	09/06/2007	53 10 41 2 43 	63 90 23 59 69 	20 17 87 80 31 	19 16 74 85 1 	54 66 4 14 12 	26 71 7 79 18 	19 57 79 85 27 	5 4 76 58 75 	42 74 68 84 48 	56 68 32 21 13 	23 17 73 80 61 	
68	07/06/2007	66 78 86 40 38 	59 18 44 69 62 	59 65 69 87 89 	83 22 12 86 63 	72 87 71 12 80 	69 89 45 20 71 	73 26 19 52 22 	80 90 35 73 54 	22 7 90 78 3 	23 49 82 43 21 	53 67 81 32 70 	
67	05/06/2007	9 62 71 44 82 	63 60 54 80 3 	1 4 54 72 9 	21 25 11 87 89 	13 2 22 23 30 	29 43 73 48 66 	71 12 54 56 2 	83 52 10 64 76 	8 39 87 33 66 	56 84 5 33 70 	41 66 82 29 24 	
66	04/06/2007	39 26 38 62 76 	29 23 48 45 74 	76 50 41 53 58 	86 74 68 48 40 	88 60 66 48 52 	17 70 86 67 45 	75 40 65 78 48 	40 57 20 17 65 	9 84 32 63 47 	19 66 73 27 11 	86 38 39 8 66 	
65	31/05/2007	21 81 10 25 33 	14 31 45 79 32 	36 14 77 25 85 	72 26 62 73 8 	79 3 16 55 4 	38 26 32 70 52 	77 19 71 85 23 	7 68 3 84 86 	33 18 90 19 88 	17 51 27 73 81 	18 37 45 70 71 	
64	29/05/2007	1 25 15 68 38 	83 53 39 90 18 	42 12 15 34 10 	15 34 10 20 73 	17 44 38 41 54 	16 39 87 45 51 	70 20 68 90 31 	31 13 24 8 90 	63 70 16 20 62 	81 42 51 23 53 	51 67 63 76 52 	
63	26/05/2007	78 31 43 10 88 	56 59 41 7 2 	63 83 58 41 49 	63 89 1 72 65 	31 73 8 74 75 	68 60 34 1 71 	62 9 21 38 47 	5 53 47 45 35 	2 40 57 82 43 	2 29 4 72 51 	47 60 66 23 77 	
62	24/05/2007	39 87 2 30 79 	88 42 11 22 72 	61 66 63 15 5 	49 80 57 9 63 	32 29 67 88 75 	19 88 87 7 20 	44 22 14 54 6 	13 33 60 46 36 	17 9 84 73 76 	66 79 51 41 21 	18 72 38 84 71 	
61	22/05/2007	67 38 11 72 82 	5 58 7 78 39 	44 54 61 76 45 	85 19 53 30 49 	77 30 26 21 85 	88 52 8 77 17 	1 45 89 90 57 	90 28 85 26 17 	75 56 32 85 5 	90 79 49 61 20 	31 17 71 15 49 	
60	19/05/2007	13 89 32 11 59 	35 49 26 69 54 	43 15 22 67 3 	59 22 82 45 72 	8 27 61 32 40 	7 47 9 76 26 	38 48 43 33 35 	17 25 43 86 13 	31 75 52 56 88 	6 56 17 27 59 	59 9 29 12 90 	
59	17/05/2007	85 26 84 65 21 	77 34 19 41 11 	75 70 77 14 55 	23 4 62 12 61 	10 3 53 72 42 	79 28 12 11 54 	36 61 67 32 44 	63 74 34 45 71 	41 85 17 7 46 	49 56 84 38 7 	44 68 61 55 84 	
58	15/05/2007	23 66 3 6 86 	32 64 77 72 73 	79 48 16 63 68 	83 39 86 22 25 	87 26 64 48 75 	78 13 52 60 74 	88 14 46 52 70 	33 57 29 32 87 	36 81 33 62 67 	56 84 80 59 38 	90 55 76 85 19 	
57	12/05/2007	48 70 1 80 74 	24 11 73 1 36 	57 46 44 47 62 	56 75 11 4 72 	25 1 67 9 62 	52 31 27 71 75 	81 86 72 71 32 	46 42 2 45 28 	23 87 70 19 84 	3 9 63 75 27 	6 36 31 72 60 	
56	10/05/2007	66 87 26 35 57 	66 82 44 16 81 	58 36 68 69 22 	5 83 58 26 8 	85 19 64 28 61 	55 83 15 73 44 	38 85 42 35 71 	32 66 6 22 16 	9 15 76 10 86 	51 50 12 77 84 	38 68 59 46 29 	
55	08/05/2007	58 18 78 46 83 	25 66 23 68 57 	35 57 40 39 13 	12 62 40 52 32 	76 30 77 70 9 	35 30 78 72 40 	33 17 75 62 15 	14 43 71 47 76 	66 28 7 69 22 	82 43 4 55 17 	77 87 67 46 61 	
54	05/05/2007	64 58 31 1 66 	71 61 11 73 2 	3 43 11 76 64 	74 87 9 49 47 	82 86 65 8 84 	69 84 66 36 12 	2 26 8 65 76 	73 32 54 63 43 	10 37 40 46 73 	62 73 5 84 17 	58 44 14 47 78 	
53	03/05/2007	69 39 48 57 42 	84 43 44 13 40 	1 45 79 12 53 	66 48 46 47 42 	11 15 87 37 23 	20 90 88 45 39 	88 11 57 15 18 	66 71 90 51 14 	69 87 15 71 42 	35 60 59 47 80 	3 78 76 17 12 	
52	02/05/2007	12 36 82 31 81 	39 46 40 54 65 	69 19 74 63 8 	24 45 37 82 84 	6 1 48 85 73 	20 81 11 73 72 	83 77 50 31 8 	3 60 44 14 38 	78 29 25 83 55 	80 41 39 70 11 	52 64 37 38 28 	
51	28/04/2007	7 77 52 32 39 	24 79 1 41 30 	16 52 65 66 22 	12 84 85 58 11 	37 60 40 49 32 	37 21 83 73 41 	15 58 28 27 69 	60 89 40 1 61 	65 15 58 85 61 	37 52 81 34 21 	58 19 26 21 83 	
50	26/04/2007	38 20 77 14 39 	83 69 61 68 44 	75 55 82 17 35 	23 80 72 64 14 	54 16 79 87 9 	36 87 74 62 75 	75 56 72 66 84 	85 41 81 76 7 	63 87 43 57 2 	28 37 48 38 74 	32 84 21 76 45 	
49	24/04/2007	45 80 40 58 53 	7 13 57 20 33 	8 89 32 78 2 	17 82 68 59 88 	67 29 46 2 50 	40 47 5 26 89 	36 78 14 64 41 	79 20 32 50 16 	17 76 37 20 42 	84 20 47 36 13 	40 10 75 79 42 	
48	21/04/2007	81 46 28 16 56 	37 45 84 46 25 	87 43 48 62 27 	86 81 19 72 41 	81 19 75 18 8 	43 5 34 66 82 	75 58 85 70 69 	11 67 27 6 57 	63 51 71 83 22 	1 15 85 21 34 	80 70 63 62 40 	
47	19/04/2007	65 20 32 55 75 	38 63 39 58 85 	83 50 58 39 64 	8 9 65 32 6 	30 88 77 84 19 	65 77 12 61 20 	74 25 51 90 35 	28 38 19 48 2 	86 82 5 27 38 	40 73 44 53 68 	88 12 60 42 56 	
46	17/04/2007	33 43 45 34 90 	23 32 46 34 44 	3 2 8 87 80 	89 54 88 29 13 	45 58 82 6 79 	85 66 70 40 76 	47 23 19 68 79 	47 21 66 6 3 	68 15 45 72 13 	17 3 1 22 89 	22 50 54 41 43 	
45	14/04/2007	64 28 21 79 36 	54 56 65 4 32 	3 74 22 73 76 	39 29 7 88 64 	78 37 89 34 4 	46 48 18 10 51 	87 40 69 49 44 	71 74 73 72 24 	60 44 73 74 72 	4 76 45 1 17 	64 88 43 9 86 	
44	12/04/2007	28 80 38 47 30 	86 55 70 46 87 	10 71 28 32 36 	8 72 88 14 50 	64 48 23 65 30 	76 34 39 26 64 	53 10 32 39 9 	79 82 10 81 69 	54 4 48 37 45 	10 47 8 38 69 	81 52 36 3 55 	
43	10/04/2007	78 35 16 32 5 	2 7 14 34 62 	8 77 36 38 45 	22 34 2 67 43 	30 35 32 17 40 	66 51 88 55 50 	39 20 37 78 46 	69 51 90 15 45 	76 42 69 2 14 	69 70 25 36 16 	54 23 78 44 47 	
42	07/04/2007	1 43 83 89 40 	84 25 74 15 42 	29 82 8 44 66 	31 15 77 76 79 	74 20 27 16 8 	81 62 38 41 45 	37 5 2 85 22 	67 13 2 59 9 	57 63 13 51 45 	54 27 8 84 69 	67 11 29 31 88 	
41	05/04/2007	85 87 60 29 3 	69 59 47 67 77 	86 30 7 79 10 	42 29 4 13 65 	60 26 77 25 89 	2 15 25 57 28 	17 58 88 52 53 	77 64 41 81 33 	44 11 28 90 34 	21 85 5 83 18 	71 38 12 54 87 	
40	03/04/2007	25 77 24 30 29 	47 25 66 82 43 	12 37 36 22 70 	15 42 81 27 90 	27 29 65 58 50 	16 13 14 75 32 	12 64 42 67 37 	21 44 70 49 4 	45 68 13 36 5 	66 26 53 67 32 	4 46 71 70 84 	
39	31/03/2007	87 30 55 9 61 	46 15 75 83 24 	78 66 84 30 14 	36 28 83 8 62 	74 49 69 66 80 	70 64 44 61 76 	82 59 71 19 12 	42 63 88 31 53 	11 59 78 39 83 	23 66 81 84 30 	41 6 55 37 27 	
38	29/03/2007	19 61 17 45 69 	25 69 54 78 72 	69 16 70 41 59 	79 70 64 68 44 	13 24 77 89 4 	21 34 83 55 18 	73 18 52 57 4 	17 19 5 11 45 	63 37 26 76 72 	78 17 6 7 83 	20 69 21 37 56 	
37	27/03/2007	35 86 24 65 42 	36 18 14 4 3 	43 49 65 76 90 	54 65 70 74 84 	36 77 20 70 5 	43 46 52 75 2 	75 25 55 12 52 	69 5 31 61 78 	33 54 57 13 47 	47 21 40 41 46 	17 25 6 10 30 	
36	24/03/2007	28 53 90 17 21 	15 42 8 79 69 	74 6 75 65 54 	75 10 56 62 44 	86 70 57 85 76 	63 76 35 85 15 	60 84 41 17 68 	45 14 63 5 78 	27 42 74 11 14 	66 82 87 21 56 	5 85 72 14 77 	
35	22/03/2007	80 2 71 15 26 	11 70 47 38 43 	83 18 90 84 2 	19 34 71 72 31 	32 12 25 64 18 	34 11 40 59 84 	23 63 66 85 65 	72 71 36 52 37 	41 88 47 64 58 	80 22 35 43 40 	86 31 53 37 17 	
34	20/03/2007	85 18 15 68 12 	11 1 55 23 34 	5 84 78 37 28 	33 8 9 65 43 	68 4 36 23 13 	71 81 5 4 43 	7 12 42 9 43 	75 3 85 9 56 	73 59 19 76 23 	15 39 77 38 52 	18 46 51 60 11 	
33	17/03/2007	43 73 89 18 70 	16 73 13 34 48 	56 76 47 34 38 	12 25 53 43 6 	87 71 73 64 83 	55 26 50 31 82 	81 75 22 64 10 	10 50 11 88 62 	58 61 29 2 45 	69 52 81 55 15 	35 15 72 19 73 	
32	15/03/2007	43 78 40 54 2 	69 48 53 66 57 	1 28 5 90 81 	65 88 64 3 13 	46 16 83 19 51 	61 42 24 35 56 	6 65 75 49 56 	83 22 4 75 17 	10 44 28 77 78 	80 9 38 79 86 	71 48 7 78 57 	
31	13/03/2007	48 89 87 5 63 	72 63 89 58 7 	81 1 68 74 63 	36 54 86 32 50 	83 58 51 43 29 	13 18 50 22 47 	76 66 50 12 15 	46 48 88 1 57 	82 7 73 85 42 	35 86 34 32 24 	70 67 5 4 60 	
30	10/03/2007	62 29 5 17 39 	63 25 23 85 36 	36 89 74 84 78 	53 7 20 46 16 	16 55 3 67 59 	22 59 58 69 36 	40 30 58 18 16 	75 72 6 71 34 	48 51 65 20 8 	55 87 32 81 16 	51 20 69 21 58 	
29	08/03/2007	50 12 19 48 32 	13 43 70 83 54 	5 84 48 11 54 	74 47 17 18 90 	75 44 70 33 64 	90 54 16 18 79 	27 55 85 82 37 	43 80 58 20 30 	65 82 60 9 15 	54 27 18 39 9 	59 12 77 40 64 	
28	06/03/2007	8 1 42 4 70 	88 86 82 79 63 	86 81 65 20 21 	21 34 44 32 62 	1 28 51 74 15 	1 21 82 61 57 	81 31 14 55 8 	30 62 31 38 10 	71 16 89 46 78 	13 80 67 30 74 	54 37 63 42 62 	
27	03/03/2007	32 40 75 70 62 	22 18 9 55 65 	61 50 6 31 43 	20 34 18 35 1 	6 73 42 10 86 	57 90 9 8 54 	59 4 89 26 61 	50 49 52 8 53 	78 55 12 15 85 	68 43 6 77 79 	29 23 3 87 52 	
26	01/03/2007	55 68 29 82 80 	44 47 56 39 51 	70 35 86 60 69 	85 5 84 40 48 	85 72 3 38 70 	65 81 16 26 79 	64 6 62 83 2 	40 12 41 68 23 	59 48 90 30 84 	13 42 54 17 88 	65 59 60 67 83 	
25	27/02/2007	59 48 6 89 71 	5 12 25 41 84 	6 8 64 81 25 	20 61 73 36 24 	58 38 64 79 63 	20 71 38 14 90 	58 88 33 30 62 	65 67 13 40 75 	11 41 88 85 3 	90 18 13 38 57 	78 85 67 9 2 	
24	24/02/2007	30 34 45 5 54 	48 58 22 49 62 	74 17 56 19 11 	41 53 30 42 68 	60 82 16 32 74 	1 42 78 79 56 	77 3 51 75 67 	70 56 58 64 44 	29 7 48 45 23 	90 8 47 15 70 	88 1 83 37 47 	
23	22/02/2007	51 75 49 79 20 	57 58 38 33 78 	90 51 20 8 54 	73 84 29 23 18 	90 28 82 69 4 	72 47 56 12 60 	81 41 1 13 66 	44 41 32 75 7 	58 42 57 59 17 	16 13 36 33 80 	74 11 44 10 42 	
22	20/02/2007	19 69 43 8 27 	82 75 11 49 87 	90 63 49 21 11 	9 58 10 24 40 	56 48 54 37 52 	82 74 87 22 21 	31 20 2 34 18 	25 73 42 53 50 	89 30 48 87 6 	19 17 75 8 27 	72 76 38 81 36 	
21	17/02/2007	41 24 84 21 38 	71 70 51 1 77 	40 29 62 56 41 	42 48 50 81 62 	89 41 33 25 28 	90 42 76 59 2 	62 44 64 87 20 	89 65 9 50 81 	59 89 36 50 74 	25 63 16 38 11 	89 43 59 7 29 	
20	15/02/2007	22 13 70 1 31 	85 50 45 8 69 	11 35 57 36 44 	31 28 51 62 73 	81 20 60 12 40 	78 20 29 58 6 	65 8 19 77 43 	35 72 14 51 47 	14 4 84 10 88 	7 53 69 76 34 	25 12 5 78 15 	
19	13/02/2007	86 89 38 81 75 	42 59 17 1 19 	82 42 48 27 81 	83 79 44 62 37 	4 57 84 53 67 	88 46 5 41 47 	29 87 60 78 84 	70 33 43 21 53 	33 30 15 70 26 	8 22 7 89 29 	2 4 30 90 83 	
18	10/02/2007	30 37 73 22 66 	4 86 49 6 80 	30 90 42 41 84 	79 11 51 66 27 	76 17 8 90 61 	77 57 74 6 56 	11 48 18 7 33 	55 27 57 48 62 	42 46 18 61 67 	57 4 22 83 88 	52 35 69 60 85 	
17	08/02/2007	9 10 37 57 21 	43 70 23 87 86 	85 31 62 65 86 	57 65 52 77 67 	65 42 71 10 83 	3 74 86 59 29 	61 12 48 45 37 	33 83 28 77 51 	68 81 87 28 38 	11 16 57 60 54 	83 26 75 89 28 	
16	06/02/2007	85 89 31 27 61 	83 87 43 6 73 	35 30 19 55 82 	79 17 20 68 45 	62 11 32 69 27 	39 33 6 56 9 	54 29 15 40 39 	21 31 86 49 3 	86 77 29 5 75 	71 23 21 59 1 	52 49 29 47 66 	
15	03/02/2007	3 75 68 49 47 	57 76 52 4 64 	12 87 64 16 79 	39 32 38 53 21 	51 89 68 81 82 	58 64 75 31 16 	43 46 48 67 41 	32 26 36 51 31 	24 29 64 70 85 	13 50 48 38 68 	44 62 32 73 1 	
14	01/02/2007	21 74 24 51 69 	42 39 35 50 44 	75 89 17 60 53 	74 73 85 45 79 	44 73 16 46 63 	27 77 39 74 41 	1 83 15 9 50 	20 38 88 53 44 	89 61 53 11 77 	36 47 29 84 38 	22 71 11 5 26 	
13	30/01/2007	23 35 68 7 33 	61 24 37 38 36 	38 83 45 22 72 	39 85 46 45 24 	77 12 4 81 15 	1 33 72 38 29 	60 47 11 21 44 	50 12 86 8 54 	10 34 68 72 89 	39 30 76 48 41 	57 84 39 11 82 	
12	27/01/2007	10 31 57 66 56 	69 70 60 56 22 	70 58 54 73 75 	8 6 3 41 71 	79 68 31 61 62 	44 35 33 53 90 	33 9 87 63 21 	34 52 85 84 78 	13 8 46 5 16 	80 68 32 20 17 	48 43 17 88 89 	
11	25/01/2007	26 88 64 51 27 	22 29 37 56 5 	28 42 54 39 88 	73 13 28 38 90 	64 28 46 57 69 	53 84 46 9 33 	4 27 19 36 2 	6 82 58 74 32 	17 60 61 22 84 	42 83 39 62 78 	90 27 56 34 84 	
10	23/01/2007	85 37 10 46 48 	62 51 65 86 80 	40 28 31 59 79 	77 3 13 79 53 	80 65 31 4 56 	20 74 30 26 35 	10 63 76 84 56 	8 53 32 56 45 	25 12 77 58 37 	85 32 62 7 53 	66 24 54 55 23 	
9	20/01/2007	74 33 12 42 72 	22 41 54 19 61 	47 5 50 78 81 	17 43 57 51 22 	89 4 74 44 16 	64 15 79 85 62 	18 80 25 65 19 	55 57 29 85 21 	31 55 38 20 21 	23 53 80 81 58 	17 61 39 18 48 	
8	18/01/2007	39 84 18 61 15 	39 63 70 76 48 	45 57 58 66 14 	29 40 79 53 1 	55 79 54 32 81 	7 23 25 60 26 	80 33 28 18 49 	47 90 43 1 59 	18 42 52 10 4 	3 41 12 72 78 	78 82 9 45 59 	
7	16/01/2007	1 55 27 52 51 	47 55 88 31 90 	33 73 36 12 32 	3 71 15 5 26 	80 71 63 64 40 	11 24 27 2 33 	11 24 52 56 14 	36 51 6 44 8 	59 11 85 49 43 	15 17 34 56 12 	3 62 33 48 78 	
6	13/01/2007	77 49 59 12 6 	89 11 29 23 72 	49 61 9 19 33 	77 23 18 83 49 	65 14 58 50 7 	89 8 58 53 38 	53 11 34 24 90 	11 25 49 29 32 	46 17 45 75 16 	33 26 78 6 59 	2 12 25 9 82 	
5	11/01/2007	6 35 47 30 48 	89 88 37 79 85 	85 5 65 22 14 	83 62 37 76 65 	85 59 70 42 47 	90 10 14 61 67 	71 59 49 75 76 	27 89 81 83 80 	88 65 31 75 20 	72 83 10 37 60 	70 13 66 4 50 	
4	09/01/2007	83 71 48 57 69 	66 65 68 46 28 	67 33 23 57 20 	58 87 37 35 7 	39 59 12 44 55 	65 61 49 30 15 	16 25 69 70 61 	86 36 26 24 71 	32 26 14 61 75 	16 64 47 71 8 	10 9 75 49 17 	
3	08/01/2007	53 20 19 78 88 	87 41 7 52 35 	58 50 24 72 17 	71 37 26 73 45 	3 67 29 44 36 	45 57 23 79 25 	49 59 71 56 48 	77 12 13 85 30 	88 36 19 50 55 	48 90 3 8 83 	46 80 16 24 42 	
2	04/01/2007	77 76 3 36 26 	25 75 83 65 90 	40 13 64 76 62 	54 49 82 40 64 	83 74 72 87 86 	21 34 55 81 27 	84 81 22 70 65 	76 50 45 16 24 	3 38 25 23 86 	73 43 77 30 85 	90 66 45 51 13 	
1	02/01/2007	42 63 84 48 22 	40 49 34 15 68 	47 63 32 46 36 	80 17 53 16 20 	55 54 45 59 44 	61 34 10 64 18 	79 58 24 55 89 	57 24 11 21 90 	21 13 71 65 19 	72 75 63 52 89 	65 75 78 88 2 	
