Lotto
Archivio estrazioni Lotto anno 2009 aggiornato al 31/12/2009
Concorso	Data	Bari	Cagliari	Firenze	Genova	Milano	Napoli	Palermo	Roma	Torino	Venezia	Nazionale	
157	31/12/2009	35 45 47 2 71 	60 42 34 59 13 	22 25 58 80 11 	11 37 35 42 54 	38 31 12 70 33 	74 90 22 32 39 	64 57 2 42 55 	57 50 77 81 84 	44 10 22 24 19 	44 47 40 46 60 	63 61 15 33 3 	
156	29/12/2009	50 67 43 44 73 	60 31 82 21 83 	67 26 25 32 6 	82 7 56 12 30 	45 51 20 11 86 	25 60 74 89 64 	36 75 63 38 39 	30 19 83 37 52 	20 54 28 46 21 	52 65 7 57 48 	54 66 14 21 89 	
155	28/12/2009	36 1 27 60 53 	3 14 22 74 40 	42 33 75 28 21 	6 70 19 8 76 	66 24 41 37 83 	27 25 67 90 84 	10 73 56 66 70 	17 83 24 78 86 	35 56 5 32 87 	61 74 68 12 47 	72 44 58 73 31 	
154	24/12/2009	47 79 20 80 8 	82 20 45 47 32 	65 51 88 89 24 	8 35 50 87 66 	44 64 21 32 38 	82 16 47 86 45 	17 36 65 50 57 	18 49 44 30 28 	65 20 26 41 25 	32 86 16 84 8 	22 47 67 66 31 	
153	22/12/2009	58 26 43 50 83 	84 71 2 38 56 	49 50 43 70 11 	84 53 30 68 36 	53 21 9 79 3 	65 76 27 79 69 	66 81 76 42 35 	25 83 66 18 85 	48 90 39 73 77 	3 54 59 24 19 	68 58 49 42 71 	
152	19/12/2009	72 78 50 22 3 	1 63 62 31 67 	1 84 83 29 81 	80 56 29 68 61 	43 6 10 13 45 	39 1 48 73 36 	26 68 3 52 88 	25 3 74 66 37 	4 32 73 83 79 	20 66 85 48 83 	73 53 44 83 64 	
151	17/12/2009	84 19 15 20 35 	59 77 1 39 24 	38 87 32 14 75 	41 21 8 27 77 	51 7 66 46 22 	71 49 6 10 77 	77 67 48 52 6 	88 19 43 70 39 	73 16 84 54 49 	18 89 58 80 3 	18 41 88 5 84 	
150	15/12/2009	68 76 23 11 83 	64 14 42 6 62 	58 30 59 33 64 	81 45 17 66 87 	53 19 57 45 49 	44 10 60 75 59 	71 14 42 36 63 	1 22 75 7 14 	52 27 3 75 82 	72 75 44 17 47 	83 54 44 36 74 	
149	12/12/2009	56 84 14 66 78 	40 77 19 52 51 	30 26 61 59 69 	41 75 38 69 52 	69 42 59 65 1 	79 21 87 26 67 	58 79 50 21 48 	66 47 24 51 7 	29 64 5 28 21 	66 6 89 58 29 	34 50 89 10 12 	
148	10/12/2009	17 71 12 46 8 	57 34 28 46 49 	84 21 75 82 69 	45 22 33 62 66 	47 16 36 39 24 	75 73 54 36 67 	15 68 66 17 90 	30 13 21 68 81 	38 63 66 87 40 	35 63 27 3 80 	21 90 37 49 38 	
147	09/12/2009	6 28 44 67 82 	57 47 87 20 78 	31 15 90 1 47 	57 25 59 81 64 	73 18 7 47 4 	47 56 51 10 82 	75 34 6 11 45 	33 69 39 47 74 	42 89 20 59 78 	66 83 89 19 80 	54 37 18 81 33 	
146	05/12/2009	60 76 20 46 39 	88 57 61 73 65 	59 49 12 86 90 	49 38 31 88 33 	16 4 20 41 70 	69 73 14 10 85 	87 61 74 4 90 	33 41 72 28 75 	68 31 87 41 11 	5 65 49 26 63 	4 46 75 54 69 	
145	03/12/2009	62 35 23 30 19 	88 81 86 24 90 	34 21 32 64 36 	75 58 42 2 69 	73 31 35 67 85 	42 26 83 69 60 	58 22 50 13 56 	71 11 16 90 79 	23 87 37 26 17 	27 34 11 51 18 	81 36 53 61 18 	
144	01/12/2009	12 72 61 64 18 	6 27 17 49 5 	66 72 9 41 78 	59 9 10 69 1 	44 32 51 65 17 	38 90 41 66 45 	24 75 19 81 61 	65 4 26 16 75 	72 36 88 75 41 	80 7 58 22 50 	25 80 78 47 19 	
143	28/11/2009	73 82 71 3 56 	4 78 68 45 77 	21 78 22 38 66 	29 34 13 74 9 	55 50 3 82 42 	75 33 32 51 67 	16 19 58 77 46 	38 7 8 69 81 	90 67 64 81 44 	87 54 59 76 56 	39 28 46 75 1 	
142	26/11/2009	61 56 81 82 9 	63 75 19 21 46 	42 11 47 13 63 	52 15 48 67 21 	76 15 61 90 50 	36 85 84 60 37 	79 50 68 23 16 	45 10 23 62 25 	24 90 57 31 76 	57 49 78 3 90 	81 67 19 16 39 	
141	24/11/2009	7 47 80 2 32 	18 48 28 68 76 	82 45 64 86 51 	68 89 23 65 34 	77 8 35 33 47 	5 36 45 21 52 	5 51 17 63 33 	21 65 14 39 48 	70 4 67 81 77 	8 33 50 81 73 	31 46 41 13 27 	
140	21/11/2009	15 60 12 33 42 	16 23 17 44 58 	47 68 33 82 64 	73 60 53 38 22 	86 1 59 53 67 	66 19 71 21 32 	85 62 20 78 16 	29 24 63 22 45 	9 26 1 19 76 	18 67 36 51 83 	52 35 53 1 57 	
139	19/11/2009	8 7 85 34 9 	17 47 62 15 71 	90 16 44 30 73 	84 20 60 67 32 	45 83 69 80 87 	39 74 7 19 76 	27 16 37 86 2 	45 5 30 81 90 	44 17 74 8 30 	69 82 83 84 68 	48 61 5 90 16 	
138	17/11/2009	72 62 80 49 28 	40 76 39 85 89 	1 64 71 16 53 	54 21 13 53 16 	5 51 69 26 57 	15 61 69 34 43 	62 34 56 79 10 	33 15 14 3 12 	76 75 32 44 79 	57 8 66 23 64 	47 17 2 43 45 	
137	14/11/2009	37 31 84 19 6 	77 53 75 65 28 	43 74 15 57 61 	53 57 43 30 50 	13 33 51 73 19 	83 46 62 86 72 	5 32 14 22 23 	30 33 62 68 52 	36 30 76 8 71 	79 33 38 70 80 	76 67 47 2 62 	
136	12/11/2009	21 87 30 17 4 	3 60 42 8 85 	52 59 54 58 4 	8 26 45 81 16 	5 3 86 18 71 	59 25 83 78 28 	87 5 30 44 67 	34 89 31 55 16 	68 38 1 20 61 	54 39 88 17 20 	42 21 45 35 10 	
135	10/11/2009	90 70 43 37 75 	4 58 89 73 74 	5 35 59 85 2 	54 76 63 36 86 	47 63 34 9 26 	13 8 49 10 6 	72 73 47 8 86 	80 86 26 41 20 	68 37 54 2 79 	74 28 77 9 66 	25 68 1 90 81 	
134	07/11/2009	21 28 87 5 31 	39 62 21 83 51 	76 41 14 1 64 	47 45 27 85 76 	90 13 1 17 40 	89 11 41 71 14 	4 79 87 9 73 	63 38 37 23 44 	35 15 3 73 75 	32 60 44 47 19 	23 33 4 40 26 	
133	05/11/2009	81 7 37 45 32 	15 6 19 75 69 	51 42 4 47 35 	29 44 10 68 33 	68 1 59 55 70 	80 52 8 83 51 	30 49 87 90 34 	59 72 79 52 63 	61 4 53 2 23 	57 28 29 24 73 	20 66 15 21 28 	
132	03/11/2009	87 20 23 2 37 	24 50 17 82 80 	28 60 75 54 80 	56 37 3 49 10 	78 14 39 49 85 	82 37 39 53 28 	11 39 76 80 10 	33 43 22 3 32 	14 5 87 20 35 	77 9 1 4 31 	45 73 74 56 37 	
131	31/10/2009	5 11 66 23 35 	75 55 16 40 44 	79 14 30 9 69 	84 56 32 5 3 	69 51 52 18 22 	38 36 29 20 66 	9 60 44 62 53 	2 65 26 4 7 	34 22 59 72 26 	70 90 46 63 28 	53 8 31 78 24 	
130	29/10/2009	71 2 30 21 28 	55 62 8 15 31 	13 33 72 76 66 	71 75 90 66 48 	58 15 27 46 25 	56 82 87 4 53 	67 9 82 12 27 	19 87 55 54 46 	20 41 63 75 21 	50 51 77 66 14 	17 48 33 35 45 	
129	27/10/2009	11 56 64 65 25 	74 61 36 3 13 	29 28 77 50 44 	18 90 35 24 9 	53 69 73 14 68 	64 79 33 51 73 	86 50 82 26 8 	9 70 51 89 56 	46 18 90 24 67 	1 53 5 4 2 	23 89 43 60 64 	
128	24/10/2009	78 25 16 11 81 	70 90 73 32 42 	77 63 5 19 56 	50 73 4 30 55 	13 53 22 79 84 	55 74 45 67 23 	1 59 42 40 70 	86 29 77 1 9 	43 63 71 9 81 	37 14 80 88 76 	47 32 40 16 74 	
127	22/10/2009	51 67 77 65 83 	58 23 59 9 51 	16 42 45 61 32 	8 17 68 56 48 	85 8 20 73 69 	85 34 36 40 1 	21 5 49 63 77 	12 44 72 85 58 	42 24 16 34 68 	22 21 8 59 39 	39 27 81 90 80 	
126	20/10/2009	20 43 5 37 47 	26 11 9 71 78 	60 51 82 57 8 	1 66 73 50 3 	59 58 23 21 32 	20 82 35 54 76 	11 28 31 86 55 	40 52 84 59 73 	9 24 69 30 42 	48 28 56 2 76 	28 2 20 24 53 	
125	17/10/2009	43 2 47 68 30 	41 86 52 87 44 	70 35 89 13 80 	38 13 32 71 63 	67 55 46 26 36 	63 80 16 54 6 	78 46 27 20 69 	9 75 1 43 19 	38 24 46 51 88 	72 47 53 65 25 	53 29 51 89 8 	
124	15/10/2009	77 85 47 60 51 	65 72 62 30 17 	30 28 32 13 34 	83 17 12 61 19 	50 76 71 33 88 	85 83 66 71 35 	9 62 37 49 30 	79 37 20 74 87 	20 2 31 45 61 	77 70 58 85 56 	3 73 59 80 52 	
123	13/10/2009	66 44 13 48 14 	19 6 89 7 24 	31 59 10 19 37 	52 60 70 13 88 	25 60 1 19 67 	35 20 80 31 49 	75 6 84 65 52 	55 77 25 16 41 	24 35 63 17 71 	42 32 71 37 56 	62 75 42 11 71 	
122	10/10/2009	90 9 84 30 46 	24 60 56 65 12 	15 70 45 57 8 	16 72 67 65 60 	28 49 25 34 40 	33 64 4 41 69 	42 73 64 45 68 	11 35 78 74 37 	3 22 9 39 13 	9 37 79 74 55 	70 22 88 4 52 	
121	08/10/2009	89 24 26 16 76 	30 1 81 39 4 	67 54 2 24 74 	48 25 6 57 73 	20 44 89 49 58 	41 8 44 86 62 	76 86 84 63 35 	50 49 45 87 74 	64 2 58 21 74 	37 29 21 32 44 	66 68 40 89 17 	
120	06/10/2009	34 40 33 15 27 	66 3 87 89 31 	17 78 57 22 81 	49 14 21 28 37 	22 33 81 88 37 	90 83 14 30 56 	27 1 8 79 14 	74 80 45 8 17 	45 14 21 78 65 	35 44 18 67 62 	75 23 42 61 83 	
119	03/10/2009	40 5 58 19 86 	64 5 45 81 88 	18 40 44 69 80 	53 72 40 77 3 	41 59 60 23 34 	82 48 57 8 78 	78 7 27 32 66 	12 51 65 38 25 	78 39 77 45 83 	31 44 23 66 5 	26 84 77 82 5 	
118	01/10/2009	64 42 7 45 68 	30 90 2 38 54 	33 81 78 57 27 	1 39 32 57 22 	49 54 55 32 29 	37 2 40 75 56 	8 38 25 58 81 	88 66 15 57 34 	17 58 27 63 29 	35 20 79 7 21 	23 65 13 19 24 	
117	29/09/2009	69 52 87 3 88 	73 61 68 5 8 	32 57 19 69 9 	61 41 40 71 15 	22 79 68 48 83 	12 34 6 41 68 	86 44 70 69 55 	43 75 50 82 86 	65 33 7 67 28 	12 60 48 75 85 	45 64 80 4 77 	
116	26/09/2009	8 42 54 55 7 	19 61 28 53 65 	30 15 56 19 5 	85 42 13 4 79 	19 6 27 26 52 	90 48 12 51 83 	9 2 57 47 25 	50 71 15 77 10 	82 88 61 38 84 	1 27 3 49 19 	49 20 79 52 37 	
115	24/09/2009	60 18 61 7 38 	9 41 5 59 44 	36 63 42 60 81 	85 63 78 47 77 	65 60 31 83 4 	5 14 87 85 47 	16 75 13 66 72 	67 13 30 37 72 	30 59 62 61 13 	47 84 61 31 41 	16 50 2 33 45 	
114	22/09/2009	9 74 85 42 47 	51 28 69 83 76 	8 33 79 70 13 	57 30 31 44 60 	35 77 21 55 10 	3 19 49 60 30 	82 88 14 85 63 	16 75 78 56 71 	60 15 37 90 48 	17 73 44 19 83 	83 60 19 69 4 	
113	19/09/2009	28 64 61 90 6 	10 43 63 18 8 	43 26 45 22 18 	14 39 85 45 50 	65 84 90 66 87 	5 6 35 32 17 	47 70 3 86 10 	80 7 1 67 14 	41 60 44 58 75 	60 88 73 50 34 	23 5 72 55 37 	
112	17/09/2009	2 52 84 31 26 	46 5 10 60 57 	46 79 25 15 23 	10 59 22 75 29 	71 50 83 2 53 	5 32 73 6 59 	12 10 29 1 19 	9 31 67 82 21 	86 61 55 64 20 	79 9 13 63 8 	73 36 42 48 11 	
111	15/09/2009	22 60 41 12 11 	80 57 24 61 6 	23 72 19 2 13 	72 3 65 79 26 	14 20 7 64 71 	61 11 66 80 26 	81 28 2 34 56 	78 40 45 86 33 	9 84 15 8 76 	64 72 75 50 37 	30 50 83 25 13 	
110	12/09/2009	40 5 35 58 67 	73 75 71 28 90 	83 13 16 46 81 	10 42 41 66 38 	20 87 42 89 32 	85 21 6 65 64 	89 1 63 23 66 	73 62 48 30 61 	60 12 30 41 13 	45 87 33 77 24 	60 30 62 85 88 	
109	10/09/2009	30 2 71 78 83 	49 70 89 51 31 	19 68 58 31 54 	39 55 70 54 22 	42 16 51 21 88 	56 79 68 10 52 	67 47 83 56 57 	53 6 4 71 18 	11 26 5 58 16 	40 43 54 34 42 	26 33 2 1 83 	
108	08/09/2009	64 9 11 65 10 	12 19 34 73 43 	45 37 90 33 47 	29 18 87 19 76 	38 33 56 50 59 	17 76 58 41 84 	26 23 8 17 37 	7 55 5 46 80 	87 28 25 50 15 	63 86 10 44 56 	88 28 62 44 21 	
107	05/09/2009	56 21 80 55 1 	49 34 70 14 5 	35 85 7 28 3 	7 85 1 64 50 	64 75 72 84 16 	39 49 85 18 25 	82 41 40 58 68 	49 9 8 4 84 	66 34 18 67 81 	89 45 35 1 83 	71 72 49 53 26 	
106	03/09/2009	7 67 85 39 5 	39 57 15 49 23 	13 62 29 51 34 	47 23 42 76 63 	5 20 80 22 67 	77 80 53 76 88 	36 70 27 17 65 	9 45 70 39 16 	67 47 73 90 22 	55 72 6 68 58 	19 40 36 89 17 	
105	01/09/2009	26 81 7 35 12 	35 5 4 64 85 	32 55 18 14 77 	82 15 6 23 30 	44 21 65 23 34 	59 77 19 73 41 	49 18 90 54 58 	42 41 15 23 17 	15 13 48 84 68 	74 10 89 37 34 	12 15 9 4 48 	
104	29/08/2009	22 11 6 7 56 	62 58 81 69 67 	57 51 83 82 76 	63 87 81 15 74 	61 43 4 46 65 	20 70 79 39 45 	75 52 33 5 1 	60 73 50 81 58 	59 7 77 81 67 	28 88 68 56 42 	34 29 33 24 71 	
103	27/08/2009	41 53 37 8 66 	45 84 34 41 54 	64 54 38 18 78 	22 53 21 44 87 	31 64 77 51 83 	12 47 88 14 46 	65 18 28 36 13 	38 14 9 29 46 	33 47 11 22 12 	60 88 49 22 57 	58 88 84 47 24 	
102	25/08/2009	19 88 84 34 31 	53 61 20 15 72 	28 37 44 50 66 	66 77 52 73 49 	75 74 31 26 53 	27 22 26 8 21 	70 1 45 38 61 	18 56 6 68 75 	56 16 60 52 27 	76 57 3 22 59 	55 9 1 3 72 	
101	22/08/2009	37 2 74 3 12 	14 68 56 10 53 	13 46 51 5 29 	27 60 49 17 65 	20 67 37 81 79 	31 65 85 25 88 	33 14 10 71 55 	84 17 78 10 1 	28 79 47 53 58 	64 50 24 11 27 	73 64 27 11 84 	
100	20/08/2009	6 4 35 84 53 	61 46 56 65 80 	59 19 70 76 84 	73 49 81 54 66 	22 85 28 48 44 	80 56 52 28 43 	2 27 87 83 68 	4 47 89 36 77 	29 31 79 61 71 	26 1 78 7 2 	19 88 39 2 63 	
99	18/08/2009	12 41 24 10 8 	30 10 63 80 24 	33 59 1 76 90 	87 7 24 57 65 	50 57 35 16 44 	2 44 47 28 13 	65 53 56 79 84 	61 87 70 16 89 	36 82 32 72 17 	79 51 3 22 7 	71 8 26 46 73 	
98	17/08/2009	18 46 48 67 34 	73 36 51 68 15 	47 21 51 79 31 	46 11 84 1 23 	8 81 90 49 18 	15 25 81 59 23 	66 71 84 79 65 	75 60 57 68 78 	53 80 17 18 85 	15 18 5 72 33 	62 20 38 15 17 	
97	13/08/2009	54 82 22 11 45 	19 86 26 63 36 	10 5 20 68 81 	79 69 59 88 1 	18 36 19 38 1 	70 12 38 43 44 	43 74 31 79 21 	79 48 3 89 20 	11 24 26 32 71 	3 15 56 1 16 	10 26 16 80 42 	
96	11/08/2009	85 56 71 33 26 	35 21 69 5 71 	8 49 26 44 76 	9 76 84 73 17 	53 19 57 73 82 	52 22 66 89 37 	47 36 33 44 23 	16 30 1 21 82 	34 41 45 68 69 	60 79 47 42 73 	70 27 77 22 28 	
95	08/08/2009	9 46 70 7 90 	70 54 50 38 31 	14 19 78 33 60 	71 8 83 57 89 	66 65 29 14 13 	53 33 17 43 50 	4 47 15 38 89 	61 22 45 19 60 	86 32 29 6 72 	44 2 16 45 81 	43 50 45 4 52 	
94	06/08/2009	86 38 52 76 57 	79 13 46 17 44 	16 78 56 73 11 	1 44 36 6 76 	77 62 18 63 67 	9 87 20 47 35 	68 45 59 23 80 	43 1 31 75 9 	36 13 39 46 67 	83 30 40 43 84 	30 44 59 43 11 	
93	04/08/2009	41 47 37 43 63 	69 68 18 83 87 	69 75 5 56 45 	9 35 37 14 4 	11 77 67 60 39 	12 86 6 13 30 	53 75 71 90 58 	85 1 35 38 25 	2 67 15 14 73 	53 86 6 12 1 	6 39 1 15 81 	
92	01/08/2009	72 33 11 12 44 	48 78 25 63 68 	57 37 71 1 28 	53 84 27 3 90 	86 84 8 15 79 	59 17 24 54 70 	27 63 14 28 85 	75 13 35 4 62 	88 73 40 34 50 	64 76 36 15 11 	78 18 37 36 12 	
91	30/07/2009	81 57 68 73 49 	9 40 16 79 63 	64 3 25 56 58 	18 80 49 69 48 	8 61 35 25 84 	44 9 70 55 90 	29 35 78 18 19 	10 53 81 58 60 	37 30 51 32 58 	52 58 59 37 21 	68 52 78 3 54 	
90	28/07/2009	83 40 32 48 82 	40 9 23 4 51 	85 73 27 16 32 	29 87 88 53 33 	30 51 18 57 1 	12 8 30 46 26 	38 88 8 72 45 	71 53 89 9 16 	21 57 86 87 36 	36 48 42 6 29 	49 33 75 88 60 	
89	25/07/2009	29 57 41 28 73 	51 53 34 74 33 	54 90 49 28 85 	52 16 88 30 14 	66 27 51 5 1 	42 31 78 38 21 	13 12 10 17 52 	65 74 61 54 37 	42 48 80 58 55 	75 35 50 27 89 	81 10 53 70 85 	
88	23/07/2009	79 16 14 64 65 	89 53 13 28 8 	14 87 52 13 23 	64 72 45 21 40 	39 5 17 35 74 	40 75 56 23 42 	11 20 42 35 63 	25 86 51 24 61 	38 47 1 28 30 	73 65 19 4 85 	34 71 61 3 73 	
87	21/07/2009	5 46 11 27 53 	55 29 41 18 82 	79 75 54 4 71 	4 21 2 68 53 	78 18 74 8 53 	68 40 39 60 79 	16 60 50 14 39 	76 14 26 42 60 	80 55 12 25 9 	8 51 7 4 2 	80 6 76 79 53 	
86	18/07/2009	21 66 89 20 80 	9 44 55 12 84 	5 1 75 59 80 	85 10 65 30 42 	67 52 77 58 53 	85 84 86 43 81 	20 23 80 1 35 	15 65 88 81 67 	30 49 18 47 54 	31 18 8 82 10 	39 44 69 81 84 	
85	16/07/2009	60 42 87 39 25 	85 38 51 88 71 	62 5 12 10 55 	90 33 84 38 32 	74 58 76 84 46 	86 66 57 42 67 	86 39 1 33 13 	12 48 17 72 10 	24 40 19 17 14 	39 79 67 1 80 	81 70 69 1 58 	
84	14/07/2009	75 82 27 1 29 	35 68 65 15 31 	56 61 87 62 73 	48 5 88 1 42 	74 7 86 83 23 	87 23 19 15 88 	62 52 69 33 49 	33 67 29 24 25 	31 90 61 68 72 	81 31 60 52 5 	52 38 51 82 22 	
83	11/07/2009	73 38 5 54 25 	34 10 65 14 53 	49 13 32 18 23 	12 25 49 89 66 	59 67 31 8 85 	46 13 21 47 19 	11 59 29 84 16 	55 26 85 89 38 	47 70 17 23 11 	40 9 11 81 68 	58 65 39 30 52 	
82	09/07/2009	58 89 37 56 64 	76 57 48 43 50 	79 27 14 25 90 	76 23 50 73 51 	57 87 33 9 85 	86 24 51 45 3 	67 66 33 23 4 	47 37 85 6 70 	22 27 66 73 31 	53 74 2 47 38 	14 24 49 33 8 	
81	07/07/2009	69 16 12 33 61 	49 51 68 44 52 	61 30 11 63 25 	54 78 89 19 2 	28 11 30 73 86 	78 75 86 29 58 	19 53 45 25 48 	5 24 54 82 37 	13 75 47 42 77 	39 1 69 71 53 	75 40 20 83 26 	
80	04/07/2009	86 80 78 59 81 	30 35 29 20 23 	77 7 23 54 57 	27 81 24 49 11 	75 1 39 85 89 	34 60 23 32 5 	26 56 1 2 19 	72 2 42 67 81 	44 5 72 74 82 	29 66 4 7 56 	86 26 36 1 68 	
79	02/07/2009	62 26 74 20 14 	11 64 81 10 51 	58 25 8 2 5 	38 33 12 4 54 	31 76 43 24 19 	69 36 34 24 61 	5 88 66 20 44 	65 72 61 66 7 	72 23 80 69 70 	58 54 62 2 44 	72 12 39 19 7 	
78	30/06/2009	12 14 23 15 86 	6 48 1 56 85 	78 52 84 83 53 	72 54 81 60 38 	19 18 71 82 15 	56 5 66 59 10 	51 86 6 61 71 	24 6 8 88 64 	35 41 81 3 24 	3 82 44 2 45 	87 39 23 41 25 	
77	27/06/2009	88 40 74 62 21 	68 23 89 25 73 	66 15 16 6 62 	31 29 73 36 37 	77 72 84 9 5 	29 51 9 43 49 	89 27 60 88 22 	56 59 26 9 34 	19 1 23 71 87 	45 3 2 69 49 	39 42 48 40 5 	
76	25/06/2009	63 21 26 33 20 	53 8 52 64 12 	38 43 7 73 10 	61 71 63 81 51 	62 53 29 2 7 	52 20 23 12 29 	23 47 40 82 66 	36 15 42 46 37 	79 16 18 1 35 	43 23 75 39 18 	81 65 4 68 3 	
75	23/06/2009	37 78 59 2 40 	50 58 89 73 38 	59 50 47 51 74 	14 52 39 18 11 	3 88 24 63 12 	38 12 89 31 10 	58 61 63 45 46 	2 9 53 33 21 	49 5 10 39 19 	24 60 72 58 84 	53 55 83 1 48 	
74	20/06/2009	7 23 45 36 56 	4 20 46 58 41 	62 7 36 6 9 	7 46 50 52 65 	1 52 12 85 89 	78 29 3 64 69 	38 82 73 81 65 	58 39 22 46 41 	35 48 1 27 41 	79 76 35 23 68 	74 6 11 65 66 	
73	18/06/2009	31 36 66 53 69 	86 6 49 1 57 	15 71 40 89 7 	68 54 13 10 52 	77 13 66 18 30 	52 77 59 58 80 	74 36 31 11 68 	27 60 25 46 12 	63 88 65 47 42 	74 54 82 66 80 	46 42 84 61 29 	
72	16/06/2009	14 22 33 68 71 	63 41 61 15 81 	47 73 15 63 27 	24 44 81 31 21 	39 86 4 9 38 	63 24 49 60 35 	6 32 54 22 19 	82 34 29 74 25 	79 54 20 55 82 	74 34 24 60 43 	61 84 22 49 1 	
71	13/06/2009	73 33 9 16 44 	12 84 69 8 80 	84 13 57 89 43 	76 79 71 29 52 	76 14 6 57 89 	8 29 36 80 14 	19 45 69 61 30 	25 14 36 61 31 	71 15 18 73 46 	33 78 76 52 45 	78 18 7 87 65 	
70	11/06/2009	72 83 49 2 3 	34 66 13 25 76 	4 11 33 24 51 	72 25 26 89 44 	83 57 30 32 80 	59 61 73 46 53 	10 50 88 51 77 	24 16 19 83 2 	56 69 53 34 27 	47 2 8 43 35 	15 74 68 34 23 	
69	09/06/2009	85 31 12 61 73 	59 40 60 39 62 	58 75 56 2 41 	4 21 46 20 86 	14 4 18 73 57 	47 49 36 73 86 	47 17 64 40 84 	39 5 45 34 10 	16 8 46 35 78 	61 28 33 44 45 	45 69 75 26 8 	
68	06/06/2009	18 34 49 47 40 	9 8 87 57 69 	16 49 33 63 75 	33 90 37 44 6 	60 88 80 14 45 	14 21 77 38 15 	8 65 31 4 35 	56 65 51 46 45 	58 39 22 80 62 	69 41 5 47 68 	20 78 51 11 46 	
67	04/06/2009	90 64 56 21 23 	35 5 28 82 85 	60 87 1 55 25 	61 40 63 46 42 	57 74 69 31 53 	69 6 4 11 58 	7 51 32 47 33 	67 14 86 63 69 	68 10 27 45 87 	14 32 34 73 44 	22 57 39 12 5 	
66	03/06/2009	37 4 2 78 60 	90 31 4 12 6 	44 58 1 16 47 	60 13 68 88 52 	33 45 14 22 29 	79 88 43 80 73 	43 77 30 16 27 	32 86 13 78 48 	30 58 77 38 49 	74 37 3 57 88 	71 17 63 88 44 	
65	30/05/2009	31 62 23 8 1 	82 71 74 81 80 	62 72 24 28 7 	24 57 75 32 22 	1 67 41 43 11 	17 86 57 27 14 	13 5 15 7 35 	58 66 35 25 41 	11 85 62 35 36 	74 38 48 36 57 	2 68 89 5 50 	
64	28/05/2009	67 42 27 6 15 	82 50 53 15 5 	37 52 87 49 50 	21 83 62 57 77 	63 9 48 28 31 	5 79 46 65 34 	77 2 52 58 86 	27 88 25 33 69 	29 59 73 2 5 	75 46 41 83 11 	49 1 14 2 75 	
63	26/05/2009	6 66 2 67 5 	33 15 5 50 69 	64 74 22 11 53 	80 48 70 10 36 	33 3 35 69 82 	35 20 3 90 45 	66 77 83 69 23 	77 86 80 58 28 	12 63 7 85 74 	85 78 49 27 20 	50 19 48 7 45 	
62	23/05/2009	9 63 80 10 67 	25 7 2 16 38 	29 81 43 33 62 	63 59 58 79 6 	54 19 1 58 56 	43 67 23 28 78 	25 24 16 20 56 	48 41 28 49 8 	68 36 62 69 53 	65 72 54 31 15 	12 56 13 33 48 	
61	21/05/2009	48 8 9 7 52 	10 50 47 18 7 	17 50 63 58 10 	55 74 37 44 48 	39 56 18 8 61 	11 54 37 43 1 	24 49 75 17 35 	14 49 77 83 8 	66 54 87 11 53 	64 58 70 27 84 	15 71 41 89 65 	
60	19/05/2009	85 2 64 73 54 	58 64 53 68 38 	55 72 39 89 19 	78 48 53 21 32 	62 9 77 2 51 	81 12 13 22 69 	66 34 7 61 70 	36 58 32 25 9 	7 27 89 14 79 	9 42 6 7 54 	33 45 13 12 1 	
59	16/05/2009	57 38 39 87 77 	1 32 10 27 66 	50 7 74 89 77 	8 57 85 64 56 	55 86 33 71 67 	39 86 15 66 24 	82 27 83 57 13 	78 65 57 89 51 	29 67 74 44 26 	81 68 75 17 7 	52 40 30 68 5 	
58	14/05/2009	69 41 17 19 84 	60 2 89 68 55 	22 4 34 2 15 	66 20 21 35 34 	41 74 7 43 79 	73 82 63 31 42 	89 70 76 6 54 	1 10 25 53 28 	71 67 90 4 18 	39 88 9 77 3 	54 20 7 89 1 	
57	12/05/2009	73 6 52 40 29 	76 64 88 43 6 	4 41 57 66 81 	54 14 1 10 41 	23 53 45 48 33 	47 80 8 52 22 	22 76 74 19 12 	9 70 35 11 72 	34 60 13 46 45 	45 12 52 48 32 	2 61 4 81 48 	
56	09/05/2009	40 67 71 69 6 	65 79 31 45 71 	48 64 10 66 46 	24 17 61 50 51 	68 23 4 62 7 	11 63 56 37 67 	9 61 86 74 33 	84 45 38 48 63 	3 60 31 89 84 	6 69 74 63 55 	47 35 59 24 10 	
55	07/05/2009	80 41 65 3 32 	41 33 14 69 62 	76 26 3 63 12 	43 22 9 55 39 	43 55 72 81 83 	69 45 78 9 15 	31 30 73 22 70 	67 86 79 20 54 	2 25 81 11 43 	1 77 43 39 25 	67 17 6 2 16 	
54	05/05/2009	12 17 75 34 48 	70 54 47 14 5 	7 11 61 33 3 	27 50 82 77 5 	71 67 32 20 24 	19 10 89 50 22 	43 28 81 59 63 	77 10 15 3 37 	43 36 77 90 41 	44 12 9 47 60 	36 51 69 1 10 	
53	02/05/2009	84 44 58 50 15 	27 75 32 5 12 	25 1 59 33 49 	6 23 39 43 62 	38 7 70 34 33 	45 10 32 26 7 	31 83 28 29 90 	2 11 61 32 33 	50 38 14 28 44 	24 71 84 44 76 	62 8 60 22 4 	
52	30/04/2009	85 75 26 78 20 	83 90 80 27 23 	64 19 4 54 77 	44 45 61 83 39 	28 89 3 42 18 	89 1 2 65 6 	85 65 7 22 41 	77 74 32 68 48 	78 48 66 82 37 	47 46 37 42 62 	22 14 85 8 89 	
51	28/04/2009	32 90 6 77 1 	53 17 87 88 14 	87 4 54 67 2 	29 90 53 81 20 	72 4 15 60 74 	11 66 58 49 7 	12 77 71 2 49 	55 72 37 51 67 	7 33 11 34 26 	88 67 46 62 29 	36 19 29 11 63 	
50	27/04/2009	64 21 70 56 83 	89 78 33 44 46 	54 73 75 50 10 	58 20 90 65 29 	71 45 83 86 2 	69 59 75 38 66 	40 21 90 25 47 	7 69 61 39 90 	48 71 83 58 55 	67 36 8 79 52 	70 90 41 54 76 	
49	23/04/2009	74 47 44 80 43 	42 15 73 68 60 	24 86 82 31 60 	86 67 50 61 24 	78 64 11 57 1 	40 24 75 59 41 	29 87 53 24 56 	71 4 73 90 56 	2 63 84 17 67 	21 40 51 9 47 	57 46 38 33 6 	
48	21/04/2009	61 21 79 36 45 	28 48 79 76 61 	22 72 62 26 10 	11 12 88 50 58 	71 21 19 56 20 	59 49 15 8 19 	19 87 52 78 33 	26 13 56 16 45 	61 18 68 85 8 	57 64 83 8 17 	88 45 74 1 24 	
47	18/04/2009	62 77 82 68 50 	31 77 83 11 47 	86 84 15 73 28 	51 88 69 2 44 	46 62 8 63 57 	48 71 21 78 38 	71 74 72 87 77 	20 42 87 71 45 	7 79 58 71 83 	44 67 48 81 35 	80 57 13 68 87 	
46	16/04/2009	17 43 9 60 68 	30 87 55 24 84 	54 23 72 19 30 	17 1 37 59 14 	3 71 14 87 10 	38 83 6 63 67 	9 68 66 56 13 	62 18 72 23 49 	28 82 87 22 57 	64 31 16 88 55 	28 25 75 62 53 	
45	14/04/2009	43 90 3 82 68 	89 25 71 57 17 	20 64 58 61 66 	17 29 84 18 59 	5 33 77 3 35 	83 88 80 75 20 	2 67 32 83 45 	64 41 34 52 80 	82 51 22 84 43 	66 78 67 28 12 	4 11 17 86 8 	
44	11/04/2009	61 58 33 20 30 	59 57 15 2 24 	6 65 87 20 17 	49 15 19 86 81 	83 90 18 37 57 	90 59 36 2 77 	59 2 61 47 14 	34 22 53 51 62 	47 62 18 1 64 	53 56 50 76 22 	60 38 45 80 39 	
43	09/04/2009	62 51 35 18 90 	43 23 46 81 62 	75 53 33 16 90 	49 83 14 88 21 	79 82 34 38 12 	2 79 7 52 27 	36 3 22 31 35 	23 62 52 69 16 	29 33 66 48 71 	48 62 67 8 83 	21 38 11 43 17 	
42	07/04/2009	89 73 87 51 38 	31 61 82 68 15 	3 10 28 8 57 	55 81 42 66 56 	37 56 32 2 50 	54 31 70 47 68 	87 1 83 35 2 	65 43 56 54 34 	61 2 15 45 67 	58 64 19 10 17 	16 11 32 44 68 	
41	04/04/2009	4 11 65 72 67 	88 89 32 68 15 	42 28 9 22 81 	80 86 8 40 52 	3 41 83 45 53 	27 18 21 56 25 	2 11 6 77 63 	34 51 9 1 90 	88 55 36 83 8 	59 57 66 43 65 	55 45 17 4 69 	
40	02/04/2009	3 66 83 73 71 	46 60 43 28 37 	30 5 24 81 90 	54 43 2 18 11 	89 16 42 38 1 	12 76 59 83 73 	16 87 62 81 22 	84 39 47 21 28 	69 61 48 38 62 	18 10 2 6 35 	3 44 38 4 77 	
39	31/03/2009	20 83 36 82 89 	65 15 28 4 3 	29 4 34 12 76 	68 46 49 20 3 	16 35 78 42 29 	4 36 58 84 24 	53 12 81 71 54 	2 8 36 84 6 	72 41 1 69 33 	2 65 60 27 16 	16 7 84 77 67 	
38	28/03/2009	77 51 56 5 11 	55 34 73 64 45 	61 86 75 48 70 	74 4 27 69 24 	1 18 73 8 33 	72 6 43 28 70 	10 12 30 23 87 	55 88 52 65 47 	16 22 21 57 38 	30 76 48 40 60 	75 14 67 2 50 	
37	26/03/2009	72 68 53 17 12 	42 13 2 50 56 	71 24 55 23 32 	37 68 70 18 24 	85 88 41 84 19 	70 46 78 65 19 	13 54 59 33 29 	21 8 45 83 60 	54 63 73 8 51 	82 38 7 68 86 	12 54 49 67 33 	
36	24/03/2009	21 90 77 38 67 	38 77 74 39 56 	11 29 14 51 76 	3 42 4 22 48 	47 88 58 59 2 	9 13 2 16 50 	36 59 78 33 25 	1 79 39 55 35 	63 86 80 90 67 	29 40 60 51 1 	20 32 66 36 15 	
35	21/03/2009	59 29 88 53 37 	83 73 79 71 28 	43 5 20 14 24 	78 88 49 1 53 	39 77 52 44 64 	4 61 19 80 17 	90 89 10 62 58 	74 40 66 20 60 	75 66 55 65 46 	30 86 41 7 65 	26 33 11 10 53 	
34	19/03/2009	1 7 69 88 54 	23 68 12 70 24 	64 21 53 87 35 	52 58 41 59 3 	52 4 46 33 5 	54 51 34 45 88 	39 70 55 34 53 	40 69 32 21 22 	77 78 35 9 83 	37 1 29 42 74 	38 59 27 4 35 	
33	17/03/2009	70 18 55 60 38 	17 61 63 73 6 	53 75 50 41 63 	75 47 86 55 45 	50 12 18 77 30 	3 76 44 34 82 	44 65 62 32 73 	38 41 12 46 4 	5 78 6 39 50 	53 22 8 59 27 	64 23 3 65 26 	
32	14/03/2009	10 86 45 71 7 	78 25 54 74 23 	15 79 90 39 3 	68 1 58 34 73 	51 64 45 15 36 	46 84 1 23 6 	65 20 39 89 8 	75 31 53 11 78 	57 68 23 8 80 	29 38 52 26 81 	17 42 80 54 41 	
31	12/03/2009	36 67 87 15 14 	71 77 30 45 44 	90 54 15 13 73 	37 14 29 21 7 	78 47 13 55 59 	10 63 57 74 23 	2 18 17 32 83 	19 37 28 35 74 	67 19 83 33 47 	83 68 64 53 51 	6 84 19 41 66 	
30	10/03/2009	33 1 73 57 53 	87 60 6 5 1 	88 86 66 42 67 	24 37 87 48 75 	57 30 35 6 52 	78 27 8 64 72 	63 35 16 5 23 	65 17 18 12 25 	17 11 87 55 35 	55 23 33 9 71 	79 44 57 17 51 	
29	07/03/2009	77 85 71 19 11 	4 54 38 56 85 	4 63 57 46 10 	47 42 36 33 25 	53 59 8 25 62 	45 33 80 21 4 	84 8 59 54 37 	14 59 81 23 36 	19 20 3 69 49 	69 80 25 63 70 	57 72 64 55 31 	
28	05/03/2009	40 16 11 75 47 	4 9 38 43 79 	29 15 45 30 73 	54 10 24 61 52 	37 55 31 33 42 	70 41 33 54 13 	75 85 22 60 14 	36 81 26 1 23 	46 76 26 41 44 	7 80 63 34 5 	40 53 13 73 41 	
27	03/03/2009	77 33 13 86 89 	13 15 70 36 67 	39 64 34 75 5 	51 86 10 12 7 	20 23 79 61 60 	45 5 60 67 12 	74 16 41 87 32 	42 31 76 24 52 	23 11 56 65 12 	81 83 18 89 90 	12 25 83 26 39 	
26	28/02/2009	26 68 9 51 90 	11 83 13 47 39 	82 76 1 60 33 	74 38 47 19 75 	69 81 50 33 28 	56 45 75 81 23 	65 20 64 63 26 	6 33 35 53 41 	68 10 3 79 13 	6 19 38 18 30 	14 26 10 19 54 	
25	26/02/2009	51 66 75 82 59 	77 43 34 35 82 	10 88 41 6 72 	84 71 30 14 59 	25 54 30 72 80 	73 52 58 74 63 	35 58 4 9 8 	19 41 8 63 55 	71 41 56 61 29 	66 2 23 26 76 	56 20 29 40 88 	
24	24/02/2009	68 26 64 9 74 	68 52 6 18 30 	33 75 78 81 14 	29 74 75 70 40 	38 31 56 26 57 	81 44 18 55 26 	67 19 28 84 15 	47 62 7 1 56 	76 77 6 23 73 	51 13 12 4 56 	90 4 83 30 17 	
23	21/02/2009	39 24 65 61 21 	12 69 56 34 65 	40 44 14 72 19 	72 43 48 81 29 	41 55 32 23 26 	6 33 49 29 90 	50 64 34 58 1 	54 27 24 46 45 	39 71 77 28 30 	2 48 75 54 83 	34 31 83 48 61 	
22	19/02/2009	33 20 50 19 60 	81 54 82 36 87 	34 38 42 84 1 	25 75 23 52 26 	30 49 22 55 39 	32 10 70 15 2 	52 12 7 35 73 	28 9 66 25 30 	7 57 11 8 83 	14 24 49 69 85 	17 82 33 40 29 	
21	17/02/2009	78 13 50 44 77 	65 30 69 46 48 	63 25 56 89 8 	88 36 58 27 59 	82 85 72 87 15 	20 23 73 71 65 	85 3 22 20 65 	17 35 49 9 48 	68 13 30 63 73 	42 20 31 29 1 	78 15 50 17 36 	
20	14/02/2009	32 75 14 67 72 	3 35 79 58 42 	43 89 40 84 72 	75 80 8 88 64 	50 82 13 10 54 	68 49 14 69 79 	73 36 22 28 48 	7 45 37 83 19 	60 58 86 31 8 	31 90 86 74 89 	13 5 11 9 21 	
19	12/02/2009	3 47 70 24 61 	64 74 43 13 51 	24 69 63 4 39 	70 56 32 79 73 	85 62 86 54 29 	32 67 66 81 68 	61 45 6 19 87 	31 71 47 39 59 	6 7 62 50 75 	17 37 86 80 40 	4 88 2 74 12 	
18	10/02/2009	89 40 60 18 56 	56 90 55 79 65 	90 42 77 7 24 	7 59 57 66 64 	18 61 90 5 4 	80 2 68 45 71 	47 80 40 90 42 	11 74 29 8 13 	46 67 51 20 85 	70 33 54 43 88 	9 24 52 18 64 	
17	07/02/2009	61 20 73 88 23 	50 48 20 49 57 	76 56 55 75 36 	67 29 62 63 69 	79 24 57 16 53 	23 16 6 69 14 	8 80 9 37 64 	58 60 79 27 65 	13 63 81 83 85 	90 21 57 32 6 	71 86 2 53 52 	
16	05/02/2009	27 12 15 48 68 	28 3 78 42 9 	33 55 19 57 76 	5 40 75 45 11 	18 52 42 12 34 	27 7 6 36 23 	43 79 84 87 2 	35 5 22 45 28 	82 16 32 35 38 	28 64 36 26 38 	56 24 76 77 4 	
15	03/02/2009	13 5 46 66 20 	23 56 61 44 59 	17 87 59 65 79 	70 30 88 58 46 	51 54 42 71 79 	49 20 71 74 63 	11 60 87 41 10 	17 61 74 10 66 	89 30 82 71 25 	8 75 13 44 49 	13 25 44 85 16 	
14	31/01/2009	38 7 14 15 48 	55 51 52 77 29 	88 70 29 1 45 	62 45 90 55 68 	1 4 37 31 58 	8 71 51 20 40 	1 83 47 6 13 	3 13 22 36 28 	19 46 45 62 9 	3 16 11 81 62 	85 43 68 80 47 	
13	29/01/2009	65 26 8 31 88 	83 77 30 58 64 	27 31 33 15 36 	62 28 57 22 1 	55 66 61 5 14 	86 79 74 66 64 	76 85 28 3 8 	32 69 72 85 60 	61 73 58 55 11 	60 46 72 85 87 	51 81 38 6 31 	
12	27/01/2009	74 39 44 78 31 	74 32 29 23 56 	31 12 64 46 49 	23 65 86 52 53 	44 60 1 39 35 	65 90 29 35 24 	51 59 82 77 42 	20 19 18 68 54 	29 54 79 66 30 	71 79 25 2 83 	66 44 30 22 38 	
11	24/01/2009	23 1 30 61 45 	35 61 25 57 40 	68 79 62 67 23 	70 61 63 11 57 	2 15 35 69 10 	13 28 36 19 72 	4 43 62 55 9 	28 40 74 55 31 	27 58 74 23 11 	49 46 69 71 42 	13 39 28 30 72 	
10	22/01/2009	52 13 78 34 44 	81 30 58 2 74 	40 2 68 24 33 	30 22 65 89 47 	67 4 76 79 28 	82 16 81 45 38 	2 3 45 63 83 	1 64 42 4 87 	31 56 64 74 88 	23 40 71 75 50 	78 58 43 6 82 	
9	20/01/2009	19 88 13 79 32 	73 54 84 17 13 	79 89 80 44 15 	19 62 76 66 87 	49 10 75 62 58 	35 56 88 24 63 	75 59 5 23 79 	52 70 63 73 82 	66 88 34 79 44 	41 16 45 79 1 	7 68 66 2 21 	
8	17/01/2009	55 30 20 86 4 	26 58 86 34 13 	17 32 22 90 72 	87 62 32 60 10 	13 58 3 22 60 	64 25 72 57 51 	25 59 1 71 38 	85 74 86 77 46 	27 70 40 3 28 	11 44 29 20 74 	36 69 85 52 75 	
7	15/01/2009	44 86 5 85 82 	44 3 82 9 15 	8 48 29 53 33 	80 26 66 18 7 	15 41 65 30 51 	8 55 90 80 85 	24 39 45 63 9 	25 63 42 3 64 	28 37 54 70 82 	86 49 18 32 14 	76 46 3 90 89 	
6	13/01/2009	14 84 9 51 24 	65 46 6 17 43 	9 32 82 54 73 	49 50 47 66 22 	66 88 90 9 18 	55 52 58 56 15 	21 23 64 38 86 	90 27 39 43 67 	25 36 80 21 42 	4 85 79 78 89 	28 53 30 39 15 	
5	10/01/2009	78 87 37 15 5 	37 58 9 90 4 	54 50 49 27 33 	78 20 90 36 29 	15 37 7 85 65 	60 20 80 74 22 	2 69 45 89 83 	35 3 63 22 69 	31 18 77 53 74 	27 9 57 12 74 	64 3 71 17 8 	
4	08/01/2009	24 43 17 60 50 	75 13 77 64 73 	73 85 89 16 29 	75 10 32 74 18 	71 9 26 40 5 	23 80 73 67 56 	14 21 76 51 15 	41 69 34 50 89 	29 26 52 78 82 	63 54 13 5 46 	33 27 52 77 63 	
3	07/01/2009	66 70 63 26 61 	81 16 70 31 34 	40 39 13 20 14 	31 60 4 74 55 	50 4 60 34 89 	14 12 83 3 51 	35 36 76 25 5 	40 31 65 69 36 	81 75 54 19 44 	68 37 42 9 27 	16 43 70 55 33 	
2	03/01/2009	58 41 11 74 12 	67 4 14 65 84 	64 25 6 89 12 	81 70 68 55 66 	24 21 35 9 63 	25 8 89 43 27 	40 46 43 29 6 	17 60 55 68 41 	56 41 79 5 17 	27 39 52 81 6 	51 78 33 47 71 	
1	02/01/2009	48 77 34 67 46 	36 51 76 56 55 	34 11 43 53 40 	79 39 22 48 14 	29 82 89 74 28 	19 30 69 35 37 	64 48 34 18 63 	16 68 69 55 35 	47 3 79 46 66 	53 22 20 46 84 	34 25 1 55 56 	
