Lotto
Archivio estrazioni Lotto anno 1874 aggiornato al 26/12/1874
Concorso	Data	Bari	Cagliari	Firenze	Genova	Milano	Napoli	Palermo	Roma	Torino	Venezia	Nazionale	
35	26/12/1874	65 32 39 46 68 	     	9 69 45 76 27 	     	46 30 7 43 66 	18 60 20 31 27 	76 56 48 35 79 	30 15 60 54 17 	64 68 82 62 76 	19 89 23 11 4 	     	
51	19/12/1874	34 49 35 70 63 	34 49 35 70 63 	3 28 57 21 85 	3 28 57 21 85 	87 75 90 81 12 	77 22 13 83 82 	26 39 5 13 45 	40 23 33 76 51 	8 60 58 88 57 	75 32 12 52 14 	75 32 12 52 14 	
50	12/12/1874	59 27 86 5 83 	59 27 86 5 83 	4 15 68 1 83 	4 15 68 1 83 	42 35 30 21 79 	35 41 17 36 32 	43 89 85 35 90 	49 10 90 83 85 	80 35 83 27 13 	30 35 73 90 22 	30 35 73 90 22 	
49	05/12/1874	63 72 9 60 11 	63 72 9 60 11 	83 73 21 45 56 	83 73 21 45 56 	36 84 64 58 18 	10 86 82 47 52 	52 34 8 19 27 	81 83 32 8 2 	15 8 26 1 57 	14 11 87 60 69 	14 11 87 60 69 	
48	28/11/1874	27 29 46 24 34 	27 29 46 24 34 	86 59 33 65 16 	86 59 33 65 16 	30 54 7 56 6 	61 23 10 63 71 	70 20 45 84 82 	68 32 4 35 24 	3 85 8 61 84 	16 10 79 34 54 	16 10 79 34 54 	
47	21/11/1874	21 23 75 13 63 	21 23 75 13 63 	33 62 87 20 1 	33 62 87 20 1 	44 76 58 40 80 	37 42 85 20 6 	28 15 35 49 80 	15 25 11 22 57 	35 89 3 63 32 	23 21 75 13 39 	23 21 75 13 39 	
46	14/11/1874	49 60 2 14 70 	49 60 2 14 70 	37 79 54 52 87 	37 79 54 52 87 	54 47 61 77 33 	74 60 7 58 62 	37 67 41 24 35 	47 6 27 70 75 	31 71 14 62 81 	44 68 40 15 16 	44 68 40 15 16 	
45	07/11/1874	9 5 47 19 32 	9 5 47 19 32 	30 84 87 20 41 	30 84 87 20 41 	56 50 17 52 12 	13 22 79 39 10 	89 70 80 64 88 	86 73 18 9 30 	9 16 82 51 4 	52 10 85 15 50 	52 10 85 15 50 	
44	31/10/1874	58 74 2 84 88 	58 74 2 84 88 	74 59 39 3 75 	74 59 39 3 75 	34 41 75 53 42 	59 3 43 22 73 	47 62 11 86 51 	78 24 6 4 26 	5 27 39 85 35 	43 70 58 14 23 	43 70 58 14 23 	
43	24/10/1874	8 16 66 26 71 	8 16 66 26 71 	44 6 58 72 51 	44 6 58 72 51 	56 25 22 30 2 	49 80 84 89 75 	71 30 59 9 28 	65 86 10 60 23 	70 28 16 79 20 	88 56 13 2 17 	88 56 13 2 17 	
42	17/10/1874	10 67 66 13 65 	10 67 66 13 65 	79 75 51 65 23 	79 75 51 65 23 	26 46 9 2 6 	39 47 33 53 41 	33 4 54 19 74 	11 17 85 84 14 	83 51 4 40 28 	5 11 24 57 62 	5 11 24 57 62 	
41	10/10/1874	64 6 85 25 5 	64 6 85 25 5 	24 45 2 39 26 	24 45 2 39 26 	72 43 29 64 26 	6 81 9 33 25 	56 42 52 49 15 	4 51 86 27 42 	67 63 50 1 35 	62 13 27 47 79 	62 13 27 47 79 	
40	03/10/1874	15 43 25 83 4 	15 43 25 83 4 	9 24 43 7 82 	9 24 43 7 82 	38 5 32 86 75 	9 22 35 41 84 	56 34 6 74 87 	26 37 54 76 89 	40 63 2 28 75 	90 37 42 22 70 	90 37 42 22 70 	
39	26/09/1874	43 5 22 67 76 	43 5 22 67 76 	14 33 16 37 48 	14 33 16 37 48 	6 29 1 32 82 	11 71 33 47 2 	68 69 22 63 36 	64 85 29 45 39 	5 36 35 55 89 	3 20 6 66 40 	3 20 6 66 40 	
38	19/09/1874	23 72 85 84 47 	23 72 85 84 47 	28 3 80 31 43 	28 3 80 31 43 	45 27 70 14 17 	21 76 45 30 55 	58 36 11 12 9 	34 22 45 82 11 	5 60 32 40 11 	16 75 12 11 76 	16 75 12 11 76 	
37	12/09/1874	80 71 11 16 55 	80 71 11 16 55 	69 20 81 72 29 	69 20 81 72 29 	49 63 87 37 75 	90 54 32 2 50 	23 60 70 61 65 	2 73 71 45 28 	30 6 78 11 40 	3 79 19 40 27 	3 79 19 40 27 	
36	05/09/1874	68 65 61 37 90 	68 65 61 37 90 	68 15 62 46 41 	68 15 62 46 41 	44 76 35 15 48 	19 63 21 69 78 	88 71 85 10 50 	88 52 70 29 20 	81 60 18 72 45 	25 72 24 35 45 	25 72 24 35 45 	
35	29/08/1874	48 42 53 9 88 	48 42 53 9 88 	1 7 53 9 63 	1 7 53 9 63 	11 81 61 22 12 	24 76 32 85 59 	43 75 5 78 72 	16 39 69 84 52 	32 44 63 36 7 	82 25 67 5 48 	82 25 67 5 48 	
34	22/08/1874	56 85 73 86 12 	56 85 73 86 12 	39 79 62 41 54 	39 79 62 41 54 	5 20 50 21 78 	13 63 14 81 45 	51 36 31 33 70 	48 1 70 51 33 	14 16 68 80 11 	10 69 34 54 48 	10 69 34 54 48 	
33	15/08/1874	85 16 9 29 65 	85 16 9 29 65 	84 63 42 29 77 	84 63 42 29 77 	31 1 69 41 58 	65 4 37 76 83 	31 61 24 51 53 	74 58 6 32 38 	48 28 15 24 54 	87 27 78 60 77 	87 27 78 60 77 	
32	08/08/1874	33 77 15 90 76 	33 77 15 90 76 	6 42 41 56 14 	6 42 41 56 14 	83 36 59 51 88 	64 69 36 86 78 	75 18 59 90 81 	80 23 81 6 86 	43 50 65 57 64 	85 86 29 28 25 	85 86 29 28 25 	
31	01/08/1874	16 17 61 87 26 	16 17 61 87 26 	34 28 35 45 70 	34 28 35 45 70 	66 2 25 35 67 	58 21 90 52 19 	5 70 49 52 29 	59 36 17 84 4 	54 32 46 83 42 	17 74 5 80 29 	17 74 5 80 29 	
30	25/07/1874	47 88 36 30 51 	47 88 36 30 51 	81 6 52 42 51 	81 6 52 42 51 	69 48 27 3 66 	8 59 41 19 67 	22 33 58 38 8 	86 36 29 28 88 	63 4 30 48 75 	34 64 18 24 20 	34 64 18 24 20 	
29	18/07/1874	57 40 78 52 68 	57 40 78 52 68 	15 38 44 85 87 	15 38 44 85 87 	21 55 53 25 29 	21 75 90 26 34 	88 5 1 9 17 	15 64 41 28 74 	14 52 76 6 33 	59 47 12 16 8 	59 47 12 16 8 	
28	11/07/1874	67 24 61 11 54 	67 24 61 11 54 	34 60 22 42 70 	34 60 22 42 70 	37 11 80 8 23 	51 80 76 54 46 	48 71 66 51 10 	68 49 29 5 19 	34 16 58 35 50 	37 70 7 68 85 	37 70 7 68 85 	
27	04/07/1874	56 67 1 52 85 	56 67 1 52 85 	84 36 62 71 13 	84 36 62 71 13 	21 72 7 86 13 	66 31 42 12 88 	78 86 76 46 12 	90 48 40 49 43 	48 15 32 55 3 	78 69 72 83 26 	78 69 72 83 26 	
26	27/06/1874	64 9 79 5 66 	64 9 79 5 66 	73 61 16 44 53 	73 61 16 44 53 	41 61 58 73 36 	77 12 79 9 55 	23 85 46 56 3 	55 40 27 62 35 	12 40 48 90 74 	86 2 62 59 60 	86 2 62 59 60 	
25	20/06/1874	46 33 14 20 8 	46 33 14 20 8 	60 89 19 42 72 	60 89 19 42 72 	13 10 8 18 51 	79 36 55 46 42 	1 42 81 13 79 	82 54 57 1 35 	13 41 30 57 50 	2 69 28 15 1 	2 69 28 15 1 	
24	13/06/1874	31 27 44 88 84 	31 27 44 88 84 	2 71 7 67 21 	2 71 7 67 21 	26 57 74 36 30 	35 60 40 30 50 	25 14 15 84 9 	31 27 44 88 84 	18 2 66 39 57 	44 48 10 23 66 	44 48 10 23 66 	
23	06/06/1874	76 81 2 57 12 	76 81 2 57 12 	78 84 79 77 74 	78 84 79 77 74 	75 54 35 61 84 	8 80 67 40 9 	79 37 1 90 31 	86 46 82 4 17 	65 23 32 41 36 	89 42 84 54 68 	89 42 84 54 68 	
22	30/05/1874	29 11 6 78 43 	29 11 6 78 43 	65 51 6 36 74 	65 51 6 36 74 	53 32 80 39 82 	9 69 53 77 44 	77 76 59 18 39 	78 71 84 36 5 	75 30 79 51 82 	28 29 36 4 69 	28 29 36 4 69 	
21	23/05/1874	73 16 71 43 44 	73 16 71 43 44 	45 85 42 65 58 	45 85 42 65 58 	70 21 72 17 59 	66 23 72 29 1 	7 13 86 72 33 	90 78 29 49 48 	4 42 16 29 33 	17 47 67 60 73 	17 47 67 60 73 	
20	16/05/1874	11 6 76 40 36 	11 6 76 40 36 	24 26 6 67 37 	24 26 6 67 37 	39 12 43 68 15 	48 79 86 46 73 	50 35 81 25 10 	29 78 57 30 19 	25 52 27 32 28 	71 27 4 16 22 	71 27 4 16 22 	
19	09/05/1874	48 30 12 83 2 	48 30 12 83 2 	42 21 5 77 28 	42 21 5 77 28 	71 41 22 16 35 	3 55 85 27 70 	56 29 71 76 85 	43 14 67 17 7 	17 38 59 44 37 	12 67 1 23 80 	12 67 1 23 80 	
18	02/05/1874	69 90 3 14 25 	69 90 3 14 25 	55 76 68 82 32 	55 76 68 82 32 	25 46 6 48 2 	5 81 22 2 69 	66 61 5 83 50 	39 62 17 43 29 	50 29 18 46 66 	28 10 40 66 18 	28 10 40 66 18 	
