Lotto
Archivio estrazioni Lotto anno 2018 aggiornato al 29/12/2018
Concorso	Data	Bari	Cagliari	Firenze	Genova	Milano	Napoli	Palermo	Roma	Torino	Venezia	Nazionale	
156	29/12/2018	10 88 89 34 77 	46 74 56 21 69 	74 13 87 14 70 	13 11 28 65 89 	46 42 67 62 21 	55 5 31 39 78 	85 5 90 49 36 	65 20 39 79 25 	10 69 22 66 44 	13 12 1 27 88 	15 78 50 64 44 	
155	27/12/2018	45 9 86 60 54 	22 21 1 38 66 	21 11 51 14 8 	71 2 36 7 46 	78 56 38 50 35 	55 50 7 11 89 	61 78 7 59 15 	68 51 43 2 76 	81 72 23 3 10 	59 78 87 34 66 	79 50 4 74 23 	
154	24/12/2018	15 10 75 86 49 	17 29 72 19 58 	18 88 20 1 6 	10 5 42 65 20 	19 78 7 87 80 	1 81 77 59 16 	80 1 53 32 77 	29 54 20 73 67 	6 44 5 88 89 	72 87 52 6 12 	57 43 73 36 90 	
153	22/12/2018	33 3 34 46 35 	71 68 80 24 12 	52 15 36 90 34 	17 6 52 35 42 	54 81 79 82 19 	15 72 32 21 64 	77 38 89 73 48 	2 36 5 20 25 	1 47 90 37 40 	31 80 40 35 22 	74 57 45 26 56 	
152	20/12/2018	72 34 90 11 3 	74 80 42 20 88 	77 42 78 80 81 	60 89 30 38 46 	50 79 74 11 29 	74 46 1 72 3 	10 63 27 67 58 	59 7 37 31 3 	6 54 2 84 3 	51 50 16 55 53 	59 43 53 42 83 	
151	18/12/2018	66 15 30 16 12 	33 38 28 9 45 	52 89 83 23 53 	1 53 10 58 88 	38 82 90 20 40 	88 27 18 50 7 	80 13 24 16 74 	9 23 32 26 45 	86 81 52 28 25 	34 18 16 56 63 	33 48 59 25 80 	
150	15/12/2018	34 49 16 27 31 	45 44 24 61 6 	55 3 60 56 22 	62 85 20 77 42 	29 75 17 88 28 	27 44 53 49 36 	67 65 14 41 56 	77 89 25 59 73 	43 65 26 45 44 	77 62 9 80 71 	84 16 85 87 54 	
149	13/12/2018	4 81 31 30 14 	79 21 70 11 48 	69 19 80 81 54 	23 41 82 89 72 	64 63 46 10 38 	21 1 69 71 19 	86 88 50 45 3 	53 50 24 46 33 	35 34 33 12 26 	30 2 40 58 83 	83 27 39 25 87 	
148	11/12/2018	3 84 73 71 40 	28 78 74 20 50 	47 72 54 11 13 	16 58 81 67 48 	69 61 22 41 62 	38 72 53 5 80 	7 66 40 71 21 	24 66 10 32 50 	73 85 8 27 72 	47 55 29 52 80 	18 82 86 10 46 	
147	10/12/2018	32 58 10 25 13 	89 21 62 56 64 	60 33 44 78 22 	63 82 81 79 72 	74 56 28 61 30 	14 65 81 84 69 	49 56 47 86 9 	11 16 13 4 67 	86 46 71 79 63 	60 87 42 90 26 	17 23 49 40 41 	
146	06/12/2018	51 21 12 10 62 	60 85 81 12 43 	62 17 11 28 39 	12 67 63 42 28 	87 42 58 32 37 	74 12 27 16 3 	59 89 41 79 52 	7 51 39 37 38 	67 29 15 14 70 	33 35 6 3 58 	81 23 45 71 14 	
145	04/12/2018	24 26 60 70 6 	81 20 10 60 90 	82 33 88 32 38 	46 73 88 50 71 	48 2 15 32 25 	61 69 26 5 71 	28 5 53 18 76 	60 90 89 61 78 	1 69 19 43 82 	15 59 30 25 29 	9 61 86 13 88 	
144	01/12/2018	58 7 14 29 40 	60 3 53 83 42 	87 60 23 17 69 	23 57 27 33 32 	87 7 21 8 23 	29 88 32 31 16 	5 58 22 59 90 	85 11 37 23 44 	25 57 4 17 87 	51 22 88 21 9 	15 36 6 21 48 	
143	29/11/2018	38 70 27 18 15 	66 16 71 56 24 	31 46 1 88 29 	25 74 9 19 17 	38 10 47 25 74 	69 81 85 52 25 	59 35 77 71 87 	38 45 3 4 61 	82 85 37 27 66 	45 69 40 33 22 	13 52 85 40 34 	
142	27/11/2018	78 61 3 90 80 	36 35 15 34 77 	7 53 5 81 86 	30 21 81 26 82 	63 21 55 90 77 	12 79 6 24 52 	40 23 82 21 9 	27 30 11 51 4 	44 7 82 83 90 	38 35 36 65 8 	66 9 74 62 11 	
141	24/11/2018	37 70 35 85 13 	29 7 85 44 10 	16 54 72 29 47 	23 52 75 88 38 	55 57 81 21 5 	9 49 40 90 54 	59 82 79 28 26 	6 19 2 3 8 	31 81 6 5 21 	62 12 66 21 84 	83 63 7 19 64 	
140	22/11/2018	9 62 56 36 86 	17 88 83 9 60 	28 29 53 81 65 	62 53 65 15 21 	87 40 70 53 64 	16 21 22 25 19 	26 65 4 70 9 	6 45 40 62 59 	22 51 5 26 71 	89 1 40 69 43 	48 43 70 85 28 	
139	20/11/2018	28 48 35 43 90 	32 14 4 46 54 	84 65 64 46 74 	2 77 41 44 76 	37 52 82 62 85 	42 17 12 10 25 	68 69 72 55 28 	9 90 45 17 61 	40 38 56 19 27 	40 59 83 71 81 	2 31 78 30 55 	
138	17/11/2018	7 33 44 54 71 	56 7 36 86 62 	23 83 38 65 2 	31 10 60 4 83 	9 6 51 10 39 	2 10 13 58 43 	5 79 48 75 15 	59 55 85 64 2 	74 62 46 39 48 	56 61 34 84 40 	64 12 31 9 32 	
137	15/11/2018	33 70 46 1 55 	85 89 78 49 56 	77 86 32 16 67 	18 47 43 50 21 	13 8 27 54 60 	70 83 44 9 29 	11 20 56 72 16 	18 82 58 5 32 	12 11 2 85 55 	26 89 20 65 48 	7 17 77 10 31 	
136	13/11/2018	62 20 7 75 9 	18 45 43 22 33 	28 49 10 15 46 	8 45 11 2 27 	21 41 13 90 68 	45 6 82 86 10 	28 82 70 21 66 	62 29 39 48 86 	81 87 32 43 75 	18 15 76 45 37 	66 74 24 23 57 	
135	10/11/2018	59 58 4 2 26 	50 73 41 12 61 	6 48 60 78 56 	86 78 82 50 49 	90 4 59 9 22 	89 24 83 59 58 	36 61 58 42 22 	31 66 22 55 18 	81 73 38 30 71 	5 51 41 90 68 	64 2 37 33 50 	
134	08/11/2018	33 57 67 31 38 	50 51 81 29 16 	53 27 81 89 77 	12 29 5 17 62 	7 81 60 41 44 	86 2 14 81 3 	2 70 13 59 17 	1 3 62 35 28 	76 58 63 29 37 	52 57 28 6 25 	11 59 24 3 66 	
133	06/11/2018	47 75 30 89 67 	76 79 17 6 72 	75 42 74 29 38 	37 41 42 50 62 	16 8 80 63 84 	75 79 32 73 58 	85 81 72 71 38 	30 32 71 74 20 	74 45 32 47 33 	64 75 77 30 54 	86 79 83 20 25 	
132	03/11/2018	83 49 58 68 65 	90 78 76 88 64 	89 9 1 35 88 	20 50 70 5 3 	31 26 4 39 18 	75 74 3 58 46 	48 77 80 75 4 	72 6 25 11 20 	74 81 9 66 80 	21 63 46 27 38 	19 75 32 30 49 	
131	02/11/2018	63 11 10 34 24 	52 86 36 28 10 	43 2 21 55 15 	61 48 40 41 11 	35 72 69 78 88 	62 59 36 41 74 	69 27 81 28 73 	60 24 82 83 6 	81 33 51 5 37 	73 78 77 39 32 	89 4 43 67 45 	
130	30/10/2018	85 90 53 49 35 	79 55 50 68 39 	90 45 52 35 60 	4 23 3 58 33 	47 4 23 17 80 	31 65 16 59 74 	90 50 79 41 16 	72 40 3 55 43 	31 85 17 36 24 	18 6 81 22 2 	87 56 38 55 40 	
129	27/10/2018	70 84 10 44 42 	30 21 71 33 26 	22 85 76 84 59 	64 63 43 4 33 	1 69 51 44 65 	33 49 40 18 82 	24 56 25 68 17 	16 78 48 45 81 	67 71 49 84 18 	44 12 86 68 73 	46 51 38 22 5 	
128	25/10/2018	34 48 67 16 56 	70 87 80 24 29 	87 24 55 50 13 	90 47 1 33 82 	6 14 10 75 60 	90 21 83 65 78 	54 3 25 40 38 	41 1 64 62 23 	40 31 84 55 38 	84 7 20 65 76 	17 27 89 36 54 	
127	23/10/2018	37 29 60 59 51 	57 15 11 38 41 	45 39 43 85 15 	44 64 47 14 50 	82 49 90 32 43 	9 52 39 50 57 	90 23 73 16 77 	51 18 63 14 72 	16 49 27 45 66 	42 13 40 61 16 	4 2 20 8 30 	
126	20/10/2018	63 18 83 50 70 	17 21 22 60 51 	79 33 83 63 46 	51 25 1 43 14 	58 56 65 13 29 	19 47 46 83 28 	25 82 41 15 39 	6 89 3 14 20 	20 17 8 80 66 	76 59 66 85 62 	62 19 82 77 18 	
125	18/10/2018	73 8 75 24 4 	69 31 25 35 89 	47 23 51 83 33 	21 12 13 56 5 	88 43 42 17 62 	48 14 23 83 77 	60 36 35 15 79 	89 23 29 48 78 	85 39 40 33 48 	45 65 81 52 8 	87 12 57 4 58 	
124	16/10/2018	21 59 30 39 78 	29 46 71 18 27 	24 71 88 67 57 	41 1 43 30 9 	42 50 78 29 53 	56 23 40 49 22 	41 77 13 43 4 	37 69 30 19 74 	77 38 33 76 60 	6 81 82 84 57 	66 4 72 46 7 	
123	13/10/2018	53 36 75 26 16 	62 8 90 66 11 	37 15 12 86 46 	4 67 28 79 11 	70 3 42 24 51 	1 41 71 5 60 	81 84 82 53 41 	73 9 51 27 18 	15 89 44 10 37 	73 80 74 8 31 	35 23 81 59 78 	
122	11/10/2018	74 8 54 47 10 	44 75 83 78 16 	72 19 7 8 87 	21 66 42 1 20 	73 66 38 1 9 	18 19 52 46 39 	76 71 67 11 4 	34 84 43 21 40 	56 4 75 40 88 	80 62 26 87 41 	74 89 47 56 25 	
121	09/10/2018	19 34 1 35 26 	14 6 53 13 44 	45 3 22 8 16 	34 2 56 25 59 	64 6 53 35 66 	56 33 52 9 16 	29 9 15 54 52 	16 35 44 14 28 	30 57 25 73 44 	18 81 52 31 58 	26 40 17 49 76 	
120	06/10/2018	19 82 47 63 79 	77 49 39 78 53 	50 43 59 33 26 	85 38 15 4 34 	77 80 68 19 4 	82 17 84 8 35 	51 79 9 89 52 	37 78 64 47 77 	38 2 88 49 62 	2 88 39 10 77 	68 66 65 47 29 	
119	04/10/2018	77 22 9 57 70 	38 77 71 34 32 	78 12 16 34 26 	34 1 27 8 79 	88 15 73 58 74 	17 9 31 86 56 	90 23 28 58 56 	22 1 28 65 34 	19 10 75 46 63 	85 59 33 34 1 	78 50 7 56 9 	
118	02/10/2018	39 64 17 2 70 	23 43 4 13 5 	81 20 18 40 34 	90 41 48 47 27 	47 35 60 57 64 	13 70 19 48 42 	27 55 17 74 69 	40 57 66 62 47 	23 28 15 70 10 	80 8 67 85 1 	15 87 51 62 75 	
117	29/09/2018	59 51 77 11 4 	19 14 57 21 70 	22 7 85 72 69 	26 63 74 31 52 	37 75 2 60 40 	68 33 54 71 11 	79 3 36 23 68 	61 1 64 15 32 	29 68 2 55 37 	52 38 71 18 1 	6 44 78 25 16 	
116	27/09/2018	7 87 40 58 79 	57 47 34 44 23 	60 90 34 71 12 	30 18 85 24 10 	46 11 52 31 42 	22 60 17 64 71 	57 74 15 51 72 	60 37 16 85 35 	58 64 43 29 90 	57 59 68 65 77 	85 48 89 4 68 	
115	25/09/2018	75 17 73 59 77 	89 10 43 30 66 	1 56 51 55 84 	72 33 70 58 79 	89 12 76 43 13 	27 88 85 52 68 	80 5 17 81 90 	48 64 11 34 21 	67 42 46 52 20 	16 61 66 26 80 	77 52 58 86 11 	
114	22/09/2018	54 83 53 49 52 	42 31 6 10 40 	52 65 1 3 30 	15 42 4 89 56 	65 10 51 11 60 	28 10 42 45 83 	85 88 38 73 90 	4 67 31 15 87 	9 14 73 63 10 	43 55 70 12 53 	66 75 70 74 72 	
113	20/09/2018	6 81 88 35 74 	59 55 43 67 33 	18 44 13 52 11 	42 63 21 50 67 	7 34 52 40 10 	8 63 23 4 74 	36 84 5 1 19 	55 88 13 80 72 	58 56 81 12 63 	37 78 77 32 42 	89 53 3 67 10 	
112	18/09/2018	70 17 35 50 33 	77 17 24 70 69 	62 72 42 47 87 	25 51 12 56 49 	27 49 81 47 44 	33 61 8 18 24 	80 73 32 90 2 	90 5 27 48 87 	44 89 45 32 20 	10 47 35 85 39 	19 22 16 75 51 	
111	15/09/2018	24 71 77 3 84 	83 18 41 71 15 	44 78 10 62 16 	29 20 59 87 7 	15 45 22 34 9 	41 32 68 55 57 	31 83 74 55 77 	20 59 88 10 86 	34 20 38 88 18 	24 51 36 63 25 	74 80 50 43 2 	
110	13/09/2018	89 16 15 40 22 	65 23 9 85 2 	73 37 90 65 60 	71 15 74 32 52 	31 86 12 74 62 	9 86 25 85 22 	74 3 73 4 84 	13 19 50 39 73 	85 6 26 32 42 	63 46 64 88 9 	10 72 45 24 65 	
109	11/09/2018	15 25 27 76 52 	44 45 71 18 22 	6 25 21 64 13 	87 64 88 31 79 	67 47 79 84 13 	87 8 3 51 29 	5 2 4 61 6 	1 77 40 12 8 	79 76 63 75 35 	2 68 66 1 4 	52 20 33 9 23 	
108	08/09/2018	20 87 49 77 51 	28 8 86 54 9 	34 7 57 77 42 	87 21 55 57 68 	12 22 69 61 39 	5 53 57 19 66 	21 72 45 56 79 	14 25 40 20 36 	30 5 19 13 23 	80 69 82 6 83 	47 61 30 25 43 	
107	06/09/2018	85 58 74 54 22 	17 13 66 20 16 	11 73 9 16 60 	30 41 23 71 40 	36 14 74 41 22 	80 5 25 87 69 	54 21 6 65 64 	4 47 22 43 74 	5 15 43 20 21 	22 65 21 17 50 	37 74 4 56 49 	
106	04/09/2018	2 20 69 73 60 	63 73 74 49 86 	78 12 37 23 30 	48 49 2 73 44 	50 19 61 70 77 	80 11 26 90 42 	3 68 13 79 48 	56 14 69 81 57 	68 1 58 67 36 	7 74 77 59 63 	14 24 38 28 11 	
105	01/09/2018	54 16 84 75 4 	33 36 14 29 86 	88 28 19 84 63 	31 22 6 39 41 	75 58 90 73 12 	62 25 45 9 73 	64 51 85 23 77 	13 21 62 84 7 	75 60 62 38 53 	52 57 79 14 56 	40 66 21 52 75 	
104	30/08/2018	18 36 9 71 13 	4 65 51 47 42 	62 64 59 77 23 	9 64 76 18 42 	5 62 65 66 42 	85 70 41 50 47 	60 89 82 31 32 	13 76 88 7 34 	24 21 53 37 39 	66 46 56 71 3 	47 1 28 25 18 	
103	28/08/2018	57 80 47 77 45 	52 80 85 36 17 	5 76 59 61 75 	9 63 28 39 76 	77 58 36 56 8 	71 36 52 83 49 	57 36 42 51 41 	12 4 15 22 46 	81 37 7 83 35 	78 40 32 74 82 	84 59 5 83 57 	
102	25/08/2018	76 61 26 29 60 	13 50 31 54 83 	27 16 79 59 6 	20 29 38 22 44 	48 2 90 20 61 	25 29 21 37 11 	4 14 53 7 62 	38 9 32 23 1 	46 45 52 40 29 	57 23 15 84 59 	9 3 64 85 24 	
101	23/08/2018	89 25 72 3 84 	4 57 59 72 77 	44 5 86 51 77 	10 59 15 5 1 	52 14 86 62 46 	61 44 65 59 46 	89 72 60 28 85 	19 80 4 16 53 	21 6 31 29 62 	37 40 79 54 76 	35 73 18 42 25 	
100	21/08/2018	45 3 20 84 68 	39 60 62 5 79 	42 77 54 76 49 	42 35 32 30 44 	79 21 63 68 57 	50 35 51 45 69 	30 25 3 74 12 	87 6 79 22 34 	62 81 32 22 89 	49 62 63 56 35 	86 12 23 68 42 	
99	18/08/2018	40 13 8 84 62 	76 3 83 88 53 	63 88 11 73 89 	71 24 53 49 19 	23 43 86 84 16 	34 42 69 31 73 	29 33 64 28 56 	13 8 32 56 62 	76 47 6 81 59 	83 26 55 84 46 	40 5 61 44 47 	
98	16/08/2018	90 58 7 19 71 	15 67 8 23 63 	24 77 63 85 52 	60 86 44 37 54 	47 38 16 64 78 	18 32 39 21 85 	64 48 49 60 50 	55 88 26 24 90 	20 16 82 11 21 	38 71 29 27 42 	14 24 11 52 46 	
97	14/08/2018	10 71 8 62 14 	46 59 23 73 69 	7 90 87 21 31 	40 89 55 73 15 	31 53 10 13 64 	30 71 31 77 29 	53 87 72 31 60 	74 11 4 52 2 	13 39 11 43 6 	55 84 31 59 67 	39 48 83 22 1 	
96	11/08/2018	54 63 76 15 1 	79 64 76 84 36 	42 16 29 27 68 	10 11 5 12 49 	46 10 89 14 23 	27 28 33 75 53 	23 14 68 88 75 	72 88 85 53 65 	81 69 47 88 34 	15 53 5 4 29 	17 31 77 81 63 	
95	09/08/2018	34 17 20 22 68 	24 19 8 55 42 	4 38 57 30 61 	21 60 35 4 70 	3 24 73 58 45 	11 76 57 31 86 	6 48 38 77 55 	28 81 35 68 62 	28 42 51 53 68 	36 23 5 32 30 	42 78 24 59 79 	
94	07/08/2018	69 16 44 50 45 	52 18 45 66 24 	6 43 90 74 9 	77 85 68 62 4 	38 28 8 27 43 	35 18 8 60 48 	80 57 61 5 24 	30 33 17 40 35 	44 24 4 7 1 	25 3 26 33 35 	87 54 19 40 66 	
93	04/08/2018	83 10 15 87 68 	52 4 17 66 26 	10 49 44 47 21 	49 19 40 32 53 	20 3 10 82 80 	41 69 24 59 17 	51 52 86 16 90 	34 22 43 6 5 	49 21 40 38 66 	61 24 3 40 75 	51 29 85 42 43 	
92	02/08/2018	44 19 77 83 27 	51 4 15 56 26 	23 58 7 71 3 	6 30 20 42 23 	74 1 30 90 14 	54 78 59 64 11 	42 70 90 80 24 	31 30 5 24 49 	11 4 1 60 39 	42 22 58 56 5 	27 18 33 34 67 	
91	31/07/2018	9 64 38 63 88 	41 33 8 51 39 	70 6 26 12 61 	45 89 24 56 60 	3 29 78 31 16 	22 41 75 10 74 	48 77 58 82 39 	19 54 22 8 61 	39 47 24 5 2 	37 1 62 63 70 	58 55 35 24 26 	
90	28/07/2018	40 42 64 14 52 	21 25 40 47 49 	10 85 35 89 1 	88 50 8 69 7 	81 71 79 83 2 	63 75 85 21 83 	78 2 10 72 63 	58 38 43 82 80 	4 14 86 49 56 	69 53 10 13 42 	30 22 4 20 21 	
89	26/07/2018	69 65 58 81 72 	51 90 30 65 36 	40 33 79 41 62 	50 69 61 20 16 	67 71 56 78 61 	27 65 53 29 19 	65 67 36 10 59 	87 16 18 4 59 	27 69 88 46 47 	88 48 19 26 68 	79 26 32 29 86 	
88	24/07/2018	14 54 5 49 78 	59 66 5 19 80 	63 17 2 20 62 	63 22 75 10 86 	18 13 23 9 66 	50 57 40 8 62 	44 58 87 8 9 	83 8 61 65 82 	84 74 24 57 4 	14 28 64 66 63 	18 28 27 68 29 	
87	21/07/2018	50 83 22 85 11 	63 38 45 23 80 	55 1 43 50 65 	77 35 15 10 14 	35 37 71 4 73 	82 19 20 9 44 	81 45 47 89 32 	88 43 75 70 72 	66 74 3 87 89 	85 73 61 40 78 	55 52 4 62 2 	
86	19/07/2018	20 87 21 59 3 	53 14 29 56 73 	2 3 47 76 34 	4 40 32 1 77 	58 6 56 71 15 	27 60 43 49 15 	77 75 14 38 81 	73 47 41 90 10 	6 69 18 16 26 	16 56 39 88 89 	41 50 53 61 32 	
85	17/07/2018	63 81 77 70 14 	49 75 1 4 70 	3 65 73 38 24 	25 76 15 90 60 	1 30 6 24 72 	14 11 35 52 4 	1 9 86 71 62 	29 88 33 69 84 	3 43 73 88 74 	81 33 78 62 53 	56 80 53 29 61 	
84	14/07/2018	84 88 49 20 89 	52 7 41 84 81 	79 84 72 10 61 	83 90 49 56 23 	32 3 7 75 34 	86 78 87 9 1 	79 66 7 56 89 	21 62 65 29 54 	3 48 15 34 81 	53 49 61 76 3 	69 85 21 19 5 	
83	12/07/2018	32 40 7 1 20 	51 74 49 27 36 	14 15 22 76 40 	79 14 16 83 44 	31 46 59 65 33 	57 55 86 6 32 	66 87 73 69 10 	37 1 47 85 80 	86 58 75 87 90 	46 68 40 23 74 	51 84 55 42 50 	
82	10/07/2018	60 29 38 77 62 	85 77 19 62 79 	79 37 68 90 56 	39 30 44 81 46 	80 74 23 3 13 	31 74 52 72 60 	66 80 84 42 36 	57 62 49 15 24 	89 7 79 61 10 	14 24 39 29 46 	43 66 55 16 17 	
81	07/07/2018	50 64 2 51 43 	35 56 15 33 64 	65 28 89 4 31 	34 72 31 21 83 	87 37 27 69 41 	48 14 22 2 26 	15 49 32 38 47 	77 68 11 82 55 	30 88 83 59 42 	46 76 6 90 1 	82 35 90 51 53 	
80	05/07/2018	54 31 62 83 35 	38 6 15 34 4 	28 42 19 38 53 	43 60 46 21 54 	7 4 88 18 69 	50 72 62 45 1 	63 10 26 28 56 	33 77 28 21 57 	17 22 24 30 38 	15 5 12 47 73 	50 7 89 42 81 	
79	03/07/2018	78 84 85 57 44 	13 84 30 14 52 	87 85 90 45 44 	59 54 13 31 50 	60 63 79 88 20 	66 54 29 8 44 	55 78 21 3 86 	5 66 25 53 15 	72 58 68 62 59 	26 15 51 19 62 	15 77 78 32 4 	
78	30/06/2018	10 81 57 44 31 	67 52 3 13 70 	23 7 70 81 77 	84 46 81 39 59 	19 36 66 79 46 	83 7 14 40 58 	70 76 30 63 77 	54 19 76 81 7 	30 6 85 3 77 	6 27 36 1 55 	61 83 34 31 23 	
77	28/06/2018	22 68 20 42 77 	51 84 46 32 17 	57 72 40 43 15 	6 88 30 50 82 	76 70 50 60 15 	55 39 6 29 68 	60 66 18 72 27 	17 90 64 38 43 	34 10 56 27 9 	36 1 25 20 21 	89 63 21 45 71 	
76	26/06/2018	30 55 45 23 54 	85 16 2 40 37 	28 66 12 37 33 	72 66 25 51 86 	44 62 20 56 14 	83 14 58 48 25 	15 25 78 68 49 	54 23 26 62 19 	4 42 45 9 83 	58 61 49 53 80 	29 59 73 30 11 	
75	23/06/2018	31 84 70 3 13 	83 57 3 15 23 	74 76 58 34 66 	44 33 74 52 48 	47 86 50 33 68 	4 84 30 47 70 	50 15 13 26 87 	14 59 41 53 45 	46 17 75 29 30 	12 37 57 48 13 	63 1 15 61 64 	
74	21/06/2018	5 26 50 28 71 	53 1 26 46 8 	1 20 74 7 51 	14 32 85 49 46 	64 7 66 24 77 	79 83 5 43 56 	36 23 8 85 24 	44 19 24 39 57 	68 23 15 51 40 	40 29 68 55 69 	6 18 87 65 8 	
73	19/06/2018	20 77 25 48 41 	84 22 63 64 27 	22 58 28 79 59 	55 42 4 77 29 	36 26 23 50 10 	56 61 36 4 69 	79 31 8 5 26 	39 76 38 2 5 	11 59 23 80 6 	8 13 89 52 88 	58 48 23 76 82 	
72	16/06/2018	28 77 48 73 44 	40 13 62 89 61 	25 40 68 27 45 	87 50 42 19 69 	8 52 32 45 62 	40 13 57 41 63 	21 43 77 1 74 	2 68 49 83 27 	55 51 67 49 11 	37 64 86 52 80 	28 31 63 82 6 	
71	14/06/2018	82 54 52 77 9 	43 27 88 73 89 	63 38 30 83 51 	59 53 9 78 39 	51 43 26 69 87 	31 88 56 49 62 	24 35 17 83 20 	45 65 8 36 42 	22 52 26 38 17 	47 55 26 52 32 	24 14 29 3 2 	
70	12/06/2018	7 43 35 2 62 	11 12 65 38 10 	24 32 73 25 74 	55 53 46 8 17 	59 18 70 46 36 	80 6 69 50 89 	44 45 42 49 33 	13 57 29 32 58 	27 75 2 62 32 	77 63 55 44 58 	47 7 6 22 86 	
69	09/06/2018	30 52 31 44 27 	82 15 41 42 87 	88 13 24 89 60 	75 53 2 17 5 	43 29 25 83 15 	2 32 69 8 89 	48 64 74 16 24 	36 55 82 18 53 	82 16 47 12 23 	30 25 67 32 82 	61 66 52 9 18 	
68	07/06/2018	17 55 4 9 87 	34 12 39 2 74 	31 15 73 22 89 	72 85 70 45 59 	64 82 47 22 42 	54 23 88 67 53 	34 78 72 84 32 	44 51 37 75 12 	48 76 4 85 37 	51 27 88 28 54 	42 14 39 69 46 	
67	05/06/2018	67 15 90 56 46 	47 65 50 55 89 	25 86 11 59 20 	2 41 40 25 71 	62 18 8 66 53 	67 8 3 19 56 	60 30 86 59 78 	66 31 8 81 83 	45 53 77 51 3 	65 51 57 81 13 	17 59 86 28 61 	
66	04/06/2018	68 3 70 14 6 	39 64 34 30 32 	73 85 1 17 47 	48 6 8 65 45 	69 50 88 26 21 	15 44 86 25 23 	31 34 83 64 59 	1 28 55 57 43 	38 51 60 69 67 	55 87 84 10 38 	22 62 86 16 50 	
65	31/05/2018	48 49 44 39 79 	62 15 43 8 65 	48 61 36 44 29 	63 72 7 15 10 	20 30 8 54 77 	86 52 51 14 74 	80 40 18 49 39 	25 28 44 3 5 	62 26 76 35 81 	15 90 81 53 34 	31 74 51 70 50 	
64	29/05/2018	89 79 46 17 1 	49 82 26 37 60 	21 44 14 9 47 	59 34 20 79 38 	80 56 69 31 45 	25 29 52 36 41 	42 84 4 69 61 	1 52 76 37 80 	46 35 14 58 15 	40 2 79 33 63 	43 76 55 45 83 	
63	26/05/2018	38 72 42 8 50 	90 38 29 84 5 	90 67 3 4 79 	63 71 42 5 54 	34 57 59 82 8 	23 36 27 66 33 	20 76 68 69 5 	88 65 55 60 81 	19 58 16 76 86 	19 89 23 69 10 	15 20 21 37 90 	
62	24/05/2018	65 57 38 85 47 	56 88 17 31 5 	9 44 25 4 62 	52 35 68 88 90 	48 12 18 41 68 	87 39 3 49 12 	70 63 84 85 51 	27 42 13 75 49 	82 38 4 11 61 	38 79 34 16 11 	15 49 24 40 69 	
61	22/05/2018	84 31 36 6 79 	55 72 33 80 4 	31 4 12 25 5 	25 13 46 6 70 	21 55 50 85 29 	15 32 23 28 82 	36 21 53 73 45 	9 87 10 55 61 	53 24 36 67 51 	29 33 48 14 11 	41 75 67 86 65 	
60	19/05/2018	30 21 77 60 33 	35 66 86 13 69 	53 35 40 48 22 	64 72 33 78 87 	65 16 47 1 39 	2 37 31 27 57 	21 75 24 59 20 	21 46 4 36 79 	59 48 57 22 12 	78 55 59 87 7 	3 49 33 70 24 	
59	17/05/2018	13 90 4 48 78 	67 62 60 12 70 	32 54 39 66 55 	5 30 85 42 26 	46 8 67 58 79 	5 37 69 9 19 	90 50 24 53 23 	54 15 11 42 60 	5 25 40 13 4 	17 47 86 30 44 	28 86 33 43 15 	
58	15/05/2018	33 90 47 65 11 	62 90 84 28 67 	30 28 69 20 3 	23 29 48 77 46 	72 20 43 85 62 	4 50 64 62 59 	2 9 14 37 34 	37 85 8 58 84 	31 12 18 42 81 	57 66 16 33 11 	59 83 33 89 32 	
57	12/05/2018	34 1 12 79 81 	13 18 19 57 14 	38 83 23 25 4 	17 65 79 45 42 	56 61 40 29 26 	47 56 39 5 68 	38 2 26 20 75 	13 15 10 34 19 	44 74 2 79 58 	43 4 76 59 71 	10 58 16 62 35 	
56	10/05/2018	87 52 54 44 62 	61 35 60 43 58 	89 73 24 83 90 	72 88 70 43 16 	10 28 21 72 49 	28 12 48 62 81 	3 40 69 86 35 	35 32 70 5 14 	68 63 85 49 14 	50 87 42 8 90 	59 42 80 53 44 	
55	08/05/2018	60 62 87 20 52 	2 33 82 35 51 	85 72 28 87 8 	87 38 31 85 4 	57 32 67 38 23 	62 54 79 26 59 	58 44 38 66 23 	90 53 37 14 74 	42 19 5 10 32 	67 78 70 72 41 	9 86 4 85 65 	
54	05/05/2018	55 69 13 16 54 	36 15 17 14 89 	65 35 64 61 66 	54 20 32 90 6 	70 11 83 80 82 	29 22 27 30 26 	72 56 6 58 61 	69 17 34 6 87 	85 61 87 11 76 	67 12 43 40 64 	89 6 36 45 72 	
53	03/05/2018	15 34 82 3 49 	18 59 63 65 49 	9 20 87 16 71 	75 65 12 48 40 	87 12 43 73 53 	52 85 44 31 17 	65 77 45 54 87 	67 79 72 15 56 	82 36 24 20 73 	19 5 75 42 50 	36 82 73 43 57 	
52	02/05/2018	42 26 89 79 18 	62 89 11 9 58 	5 42 47 69 55 	49 43 55 87 33 	14 59 75 76 44 	85 88 23 47 75 	35 14 54 18 3 	82 17 62 22 72 	42 79 87 23 46 	87 45 34 17 22 	16 18 5 29 10 	
51	28/04/2018	78 30 44 5 76 	79 49 66 88 26 	11 6 80 75 30 	14 35 48 33 50 	30 5 19 84 35 	62 52 41 46 57 	5 22 28 39 81 	77 70 59 36 34 	52 39 74 34 53 	73 86 65 56 15 	69 63 81 27 65 	
50	26/04/2018	83 49 23 45 5 	28 9 69 22 45 	9 84 17 50 81 	11 2 30 8 63 	1 90 41 74 58 	3 71 79 36 65 	1 19 88 38 20 	42 8 18 45 84 	26 25 63 70 18 	26 80 55 52 32 	30 25 85 44 23 	
49	24/04/2018	36 70 12 61 9 	61 38 5 59 14 	90 49 18 72 87 	11 25 30 81 42 	7 84 23 67 1 	86 15 83 58 79 	45 30 74 15 48 	89 23 19 2 66 	57 6 32 29 87 	45 13 89 27 64 	32 40 36 60 24 	
48	21/04/2018	54 45 20 31 71 	32 49 43 80 73 	40 69 59 43 17 	66 49 9 29 75 	23 88 30 16 17 	45 72 9 34 84 	29 87 76 12 36 	32 3 47 24 62 	77 80 89 12 72 	84 12 82 5 33 	10 22 82 64 71 	
47	19/04/2018	52 73 77 74 22 	34 51 37 27 32 	10 64 54 15 78 	7 28 61 43 35 	22 12 73 6 88 	73 58 43 65 50 	79 69 87 60 10 	16 7 10 33 38 	33 58 12 34 45 	76 45 34 89 46 	6 18 27 43 3 	
46	17/04/2018	64 49 58 88 46 	12 70 82 61 56 	53 29 66 74 57 	12 30 46 66 87 	53 70 67 38 56 	89 64 38 45 17 	57 9 35 26 23 	36 57 86 47 85 	10 2 42 27 12 	34 35 6 89 76 	29 4 62 57 31 	
45	14/04/2018	16 20 77 82 70 	81 33 44 6 40 	49 25 84 16 87 	87 84 44 77 10 	43 90 51 71 44 	46 25 19 41 10 	73 68 30 51 44 	13 60 5 88 83 	41 77 31 55 78 	14 88 60 45 23 	46 51 81 45 10 	
44	12/04/2018	58 76 68 60 36 	51 46 84 1 5 	26 6 48 47 32 	11 90 3 16 12 	90 42 67 18 36 	51 73 87 5 64 	49 76 71 88 83 	6 29 33 49 52 	3 70 51 86 31 	66 70 20 89 84 	80 68 59 69 13 	
43	10/04/2018	35 47 26 74 8 	86 59 75 13 53 	86 58 6 30 53 	52 84 74 42 72 	66 41 7 84 63 	64 69 43 67 18 	73 55 9 60 67 	29 12 79 31 75 	59 65 15 23 1 	69 64 21 78 22 	29 54 83 14 30 	
42	07/04/2018	82 1 13 58 56 	1 10 11 62 59 	87 18 10 11 20 	68 49 50 64 20 	23 63 58 10 72 	61 15 9 81 19 	52 25 6 58 39 	33 19 27 90 30 	58 4 10 26 11 	51 7 70 68 54 	59 89 44 25 35 	
41	05/04/2018	66 51 83 90 70 	57 35 24 54 72 	60 8 79 57 73 	18 53 78 37 28 	4 75 61 73 89 	6 44 78 84 21 	64 84 24 47 16 	57 60 80 46 30 	37 36 86 41 52 	37 46 17 7 85 	78 3 80 52 27 	
40	03/04/2018	4 23 20 11 84 	22 28 58 77 17 	10 23 12 62 18 	17 31 68 85 61 	75 10 57 15 37 	46 67 48 2 7 	37 6 65 85 39 	73 7 11 80 30 	75 18 68 77 7 	90 54 34 61 4 	61 11 48 51 25 	
39	31/03/2018	17 10 85 12 45 	2 85 7 54 21 	1 66 33 49 15 	72 55 2 32 48 	11 67 65 38 10 	30 13 52 46 64 	51 16 77 12 1 	19 76 49 50 74 	39 89 66 74 73 	73 42 89 8 88 	55 31 17 88 27 	
38	29/03/2018	20 38 83 26 65 	13 16 89 68 66 	13 45 68 76 80 	90 3 8 48 79 	11 64 69 51 43 	5 47 83 69 46 	37 42 32 46 27 	16 7 12 64 5 	77 66 90 46 34 	69 53 68 11 90 	7 19 40 80 88 	
37	27/03/2018	65 63 77 18 58 	70 16 76 10 22 	79 87 58 64 89 	36 18 9 32 31 	10 77 56 19 53 	26 42 24 48 88 	90 51 47 36 13 	76 48 37 84 36 	75 71 79 58 40 	44 52 31 69 71 	8 54 66 45 21 	
36	24/03/2018	12 67 55 90 73 	34 25 3 56 42 	47 49 51 5 83 	70 56 75 15 52 	81 16 82 1 62 	67 68 42 60 4 	27 64 82 18 14 	27 62 83 70 6 	39 74 53 3 66 	17 84 68 88 61 	15 27 10 23 19 	
35	22/03/2018	10 53 28 5 67 	20 33 65 50 87 	75 14 43 3 15 	62 33 2 44 85 	40 17 31 62 9 	9 40 32 20 90 	19 35 60 37 71 	81 56 7 69 3 	3 53 59 47 12 	89 23 36 8 62 	43 80 19 51 57 	
34	20/03/2018	90 50 10 5 56 	43 41 15 56 2 	74 71 24 21 37 	80 76 88 44 63 	69 22 35 26 34 	41 70 28 31 63 	15 64 73 37 56 	78 88 32 81 35 	30 72 36 45 8 	6 2 15 84 49 	62 7 90 70 33 	
33	17/03/2018	47 31 38 25 34 	48 60 2 71 27 	1 47 56 41 7 	5 60 13 58 47 	28 18 55 29 73 	56 15 83 4 21 	57 84 34 20 78 	6 17 76 78 52 	56 40 9 55 17 	31 68 63 22 66 	26 37 15 39 1 	
32	15/03/2018	24 36 80 43 84 	75 7 2 22 9 	66 2 22 30 49 	36 47 73 79 62 	62 64 55 14 28 	16 64 61 67 41 	62 73 77 28 42 	36 14 8 88 54 	81 6 86 78 14 	4 82 72 62 8 	54 73 23 79 89 	
31	13/03/2018	39 12 32 24 18 	48 62 22 75 26 	27 46 51 81 87 	67 57 88 77 55 	62 27 33 68 17 	40 7 37 48 34 	83 54 35 69 46 	34 6 7 30 25 	68 38 3 44 16 	16 89 58 33 2 	66 30 25 53 20 	
30	10/03/2018	83 24 60 56 13 	37 38 23 13 70 	80 79 89 56 31 	52 15 6 76 82 	59 3 4 51 74 	13 49 85 57 2 	16 31 80 44 60 	27 88 62 89 8 	31 59 83 89 25 	75 51 84 64 56 	48 37 61 38 13 	
29	08/03/2018	54 44 7 55 57 	33 84 82 47 75 	50 51 85 87 28 	50 46 78 87 45 	87 65 68 23 39 	85 83 73 39 71 	69 26 35 7 73 	5 22 43 3 76 	85 47 35 76 19 	27 38 79 48 46 	78 1 23 36 13 	
28	06/03/2018	83 71 20 44 38 	35 17 14 87 27 	54 9 47 17 84 	10 12 65 55 8 	6 64 86 89 15 	58 64 77 26 89 	29 6 18 33 34 	89 25 44 85 78 	79 44 49 37 13 	1 79 90 39 19 	52 13 31 81 68 	
27	03/03/2018	9 38 4 54 73 	45 70 56 44 76 	40 22 81 45 26 	52 74 5 83 89 	6 90 79 40 45 	66 39 14 78 43 	38 23 90 69 24 	41 17 56 45 34 	9 78 69 48 61 	50 11 26 28 27 	84 65 22 28 44 	
26	01/03/2018	70 57 66 47 37 	54 7 21 45 56 	55 79 46 17 73 	67 74 17 81 62 	25 12 86 2 17 	24 38 49 10 58 	34 68 81 89 83 	72 21 35 76 51 	66 31 61 11 55 	63 71 86 22 87 	40 57 2 49 5 	
25	27/02/2018	57 20 58 2 23 	7 57 74 28 64 	80 3 48 57 41 	56 43 81 32 50 	89 71 26 76 7 	6 83 39 57 7 	42 30 5 87 81 	49 52 56 28 44 	37 33 55 56 59 	37 33 71 35 43 	84 80 51 52 41 	
24	24/02/2018	27 79 70 52 25 	15 18 53 56 58 	39 52 27 84 57 	14 62 4 61 86 	12 53 22 19 9 	54 66 75 18 68 	89 68 79 44 23 	13 21 71 73 58 	33 80 30 67 85 	12 47 28 62 45 	3 15 6 46 29 	
23	22/02/2018	14 53 88 9 42 	51 52 17 44 87 	48 17 45 60 59 	79 24 3 7 66 	31 79 73 70 83 	55 7 67 59 57 	63 71 8 30 31 	35 23 30 58 71 	7 1 58 71 43 	55 57 42 34 88 	70 6 24 76 19 	
22	20/02/2018	5 49 84 24 22 	3 6 54 19 70 	83 90 51 67 14 	18 32 81 77 11 	11 21 24 63 27 	42 39 27 54 82 	50 32 67 18 22 	69 28 65 21 12 	33 30 3 52 12 	16 65 26 28 62 	34 14 36 61 60 	
21	17/02/2018	63 85 22 54 18 	28 17 33 40 20 	22 45 50 19 79 	41 54 5 61 65 	53 56 12 38 89 	74 7 22 13 30 	15 9 30 56 17 	6 71 88 13 63 	35 74 79 39 12 	46 38 60 50 65 	85 49 52 58 68 	
20	15/02/2018	1 55 28 12 88 	56 26 29 39 44 	41 57 35 85 63 	29 18 82 64 13 	56 14 45 64 6 	85 29 66 14 23 	19 35 56 70 15 	11 2 85 9 72 	41 71 33 52 40 	35 52 27 78 7 	85 61 84 52 32 	
19	13/02/2018	43 50 76 2 22 	54 61 14 58 90 	64 65 61 15 35 	15 49 79 71 25 	32 52 83 34 81 	64 36 7 63 49 	35 48 85 90 13 	50 20 81 64 65 	9 80 77 50 57 	34 30 43 61 71 	1 25 34 47 74 	
18	10/02/2018	8 52 23 40 3 	39 20 60 38 49 	34 48 68 84 8 	86 90 54 43 56 	16 57 15 79 37 	23 15 89 34 39 	35 39 43 84 65 	80 69 59 78 67 	82 72 48 74 15 	88 71 42 23 1 	50 26 65 49 90 	
17	08/02/2018	60 17 9 63 90 	41 25 86 72 61 	20 77 71 39 45 	39 47 24 9 38 	40 80 61 34 22 	33 48 52 47 39 	61 86 33 42 89 	35 15 19 79 22 	57 70 7 24 63 	26 76 23 44 31 	34 25 90 17 46 	
16	06/02/2018	83 17 81 65 8 	57 1 86 76 83 	66 36 11 63 32 	56 37 84 69 26 	41 69 32 78 2 	29 10 63 78 74 	74 23 11 5 35 	52 33 13 7 49 	90 33 71 4 40 	16 1 45 30 48 	2 56 48 1 22 	
15	03/02/2018	59 3 86 30 71 	82 39 69 67 22 	9 80 28 61 29 	50 74 21 24 82 	86 26 84 47 79 	45 42 36 41 83 	28 22 6 1 14 	40 84 13 10 31 	60 62 76 16 32 	72 13 58 3 65 	81 31 77 36 8 	
14	01/02/2018	62 55 45 80 74 	70 8 79 83 73 	26 1 28 87 35 	54 8 38 89 85 	84 58 68 7 72 	25 53 70 48 39 	4 39 66 72 38 	53 83 88 10 86 	76 52 75 47 56 	78 65 52 10 14 	64 67 23 56 63 	
13	30/01/2018	24 62 2 20 59 	42 28 66 84 63 	37 74 57 65 90 	3 19 25 69 72 	81 86 1 66 90 	9 62 50 43 29 	47 2 18 73 28 	35 65 44 64 31 	64 43 78 58 63 	55 88 63 41 36 	25 57 43 90 86 	
12	27/01/2018	11 84 85 37 26 	36 73 76 68 83 	79 39 16 83 11 	66 57 16 29 25 	81 29 39 45 73 	25 6 14 55 81 	67 42 63 19 90 	47 40 80 11 7 	79 4 46 74 51 	22 67 86 64 70 	78 13 35 36 38 	
11	25/01/2018	38 74 2 62 52 	16 7 78 80 22 	67 81 4 72 73 	21 8 2 23 85 	70 46 35 5 48 	55 31 54 64 48 	89 19 34 44 37 	58 56 60 26 88 	50 48 41 51 64 	86 19 46 22 80 	75 66 9 11 69 	
10	23/01/2018	40 35 30 9 74 	42 65 54 61 6 	77 55 12 13 51 	3 8 70 53 17 	68 49 63 40 32 	5 9 36 55 17 	1 76 67 26 8 	31 27 41 35 87 	77 73 22 90 68 	58 16 7 67 84 	7 57 37 83 34 	
9	20/01/2018	24 31 53 6 56 	41 29 75 87 27 	87 68 23 9 28 	53 23 27 38 54 	19 63 89 24 16 	40 88 85 1 20 	85 43 70 44 60 	38 43 57 1 74 	21 9 27 70 89 	35 41 22 31 30 	28 29 1 35 8 	
8	18/01/2018	51 1 4 38 50 	6 19 27 45 57 	55 63 48 67 50 	19 58 85 10 11 	7 90 77 87 49 	81 82 24 26 21 	41 30 21 70 48 	15 72 42 84 32 	70 14 9 29 10 	10 75 22 89 47 	58 26 62 54 15 	
7	16/01/2018	76 34 60 75 71 	48 42 32 9 66 	36 10 78 77 52 	23 36 3 10 21 	9 54 6 89 10 	53 60 72 76 54 	50 1 3 48 59 	15 38 32 58 82 	39 64 55 85 89 	55 56 21 78 16 	22 74 2 43 18 	
6	13/01/2018	36 80 56 53 67 	60 33 50 45 48 	47 22 66 88 24 	89 25 33 7 46 	8 58 10 86 23 	7 76 85 45 38 	79 3 25 23 8 	65 43 51 74 80 	61 73 8 70 71 	54 62 88 45 25 	73 68 43 63 62 	
5	11/01/2018	43 52 23 32 55 	79 59 26 24 67 	5 32 14 83 31 	57 18 84 28 79 	55 10 43 81 27 	70 15 39 19 53 	49 14 9 63 44 	59 77 21 55 51 	89 23 74 5 11 	53 80 21 33 71 	41 83 38 84 56 	
4	09/01/2018	37 34 67 77 60 	24 80 8 70 78 	81 41 2 60 68 	72 8 28 88 60 	2 83 61 4 68 	84 33 6 26 46 	63 41 78 44 42 	15 30 87 71 62 	66 81 55 68 24 	31 68 45 11 27 	61 54 51 56 40 	
3	08/01/2018	55 80 87 38 47 	90 39 51 74 33 	65 33 89 72 1 	44 19 30 62 15 	4 39 89 28 59 	55 83 63 82 84 	37 9 58 72 29 	54 88 19 52 87 	75 27 85 63 77 	74 27 10 65 68 	49 51 26 88 82 	
2	04/01/2018	30 19 7 21 64 	34 74 44 7 1 	17 52 87 37 72 	59 82 33 75 69 	89 83 38 41 76 	51 63 75 3 39 	3 6 57 64 63 	55 44 31 23 13 	50 75 38 60 71 	86 32 63 37 74 	16 79 65 39 58 	
1	02/01/2018	41 21 60 8 54 	58 36 56 35 10 	14 7 49 43 34 	83 73 77 59 50 	29 42 76 59 87 	45 10 41 16 13 	2 76 10 6 12 	45 75 18 35 16 	32 84 17 37 68 	6 56 37 84 1 	11 65 20 31 89 	
