Lotto
Archivio estrazioni Lotto anno 1962 aggiornato al 29/12/1962
Concorso	Data	Bari	Cagliari	Firenze	Genova	Milano	Napoli	Palermo	Roma	Torino	Venezia	Nazionale	
52	29/12/1962	19 9 51 41 3 	63 19 38 21 10 	89 82 51 75 9 	29 55 40 16 19 	56 71 43 14 47 	66 48 83 23 49 	75 85 80 47 6 	8 3 47 6 65 	53 87 40 41 63 	19 4 85 57 11 	     	
51	22/12/1962	43 25 72 4 69 	9 69 41 47 28 	36 79 10 82 72 	18 63 2 27 90 	49 83 37 16 61 	3 82 17 29 6 	53 7 89 69 77 	48 90 80 81 53 	29 64 69 53 79 	69 43 12 42 81 	69 43 12 42 81 	
50	15/12/1962	7 1 76 21 63 	41 74 8 21 71 	77 14 74 47 25 	44 71 21 2 35 	69 2 75 25 77 	8 5 2 62 45 	35 70 20 42 71 	49 33 43 31 39 	49 85 1 69 54 	36 35 1 75 80 	36 35 1 75 80 	
49	10/12/1962	3 18 14 4 84 	12 67 1 64 10 	29 15 43 52 81 	72 65 20 26 55 	44 2 69 57 6 	40 39 32 34 86 	27 89 65 15 7 	11 47 48 19 26 	21 88 47 54 19 	38 83 42 87 76 	38 83 42 87 76 	
48	01/12/1962	16 56 44 14 7 	29 80 36 9 55 	50 31 45 23 81 	2 41 1 20 43 	67 5 21 53 44 	14 26 52 40 1 	34 13 16 82 44 	79 36 81 12 16 	56 55 42 15 86 	5 54 42 63 49 	5 54 42 63 49 	
47	24/11/1962	62 30 31 46 32 	43 19 10 76 2 	13 39 68 25 10 	19 53 24 26 80 	41 69 24 66 81 	20 1 17 9 29 	43 37 62 68 36 	65 78 12 54 47 	66 75 43 68 63 	89 36 71 72 27 	89 36 71 72 27 	
46	17/11/1962	90 41 72 52 46 	64 57 61 7 73 	31 10 39 6 80 	76 74 43 80 8 	82 9 37 71 80 	63 55 14 17 2 	4 38 34 55 54 	39 36 13 5 63 	84 6 80 39 28 	7 21 65 17 10 	7 21 65 17 10 	
45	10/11/1962	36 43 70 75 11 	87 43 3 17 47 	55 37 80 47 88 	33 1 59 54 46 	85 35 44 81 78 	22 36 67 87 69 	53 65 43 11 86 	19 63 74 33 8 	1 57 39 27 8 	47 63 9 40 79 	47 63 9 40 79 	
44	03/11/1962	39 46 22 58 42 	22 89 57 78 67 	75 42 44 72 6 	50 8 34 56 3 	69 64 73 17 9 	85 64 43 76 56 	2 14 54 10 50 	1 90 61 67 32 	56 88 39 16 14 	29 89 48 71 73 	29 89 48 71 73 	
43	27/10/1962	66 19 64 34 67 	26 48 23 73 74 	38 35 67 56 70 	73 71 70 31 34 	53 37 69 35 86 	70 34 76 61 74 	58 7 75 42 26 	81 35 9 56 36 	71 60 43 83 44 	41 89 2 80 69 	41 89 2 80 69 	
42	20/10/1962	73 31 45 54 67 	15 76 17 60 72 	77 11 26 58 89 	13 26 69 17 40 	81 61 41 54 82 	6 39 14 38 80 	15 27 70 36 58 	88 30 16 87 82 	38 51 70 3 15 	85 78 58 18 57 	85 78 58 18 57 	
41	13/10/1962	23 76 2 57 69 	57 53 20 88 13 	20 3 4 49 44 	89 12 7 72 9 	13 34 73 74 22 	65 56 61 80 2 	24 88 41 12 1 	25 50 8 54 40 	73 60 30 57 43 	3 90 57 56 1 	3 90 57 56 1 	
40	06/10/1962	62 42 4 81 8 	25 10 78 89 57 	9 64 54 5 10 	84 48 57 45 82 	46 18 5 19 84 	35 4 17 54 77 	86 51 61 90 42 	9 69 51 50 86 	13 72 4 88 81 	57 39 55 72 18 	57 39 55 72 18 	
39	29/09/1962	54 89 5 52 2 	33 79 8 80 53 	27 86 21 2 43 	36 74 4 71 12 	29 11 35 45 6 	49 31 54 1 3 	4 74 69 5 34 	36 9 19 80 81 	55 86 5 62 67 	45 32 16 33 83 	45 32 16 33 83 	
38	22/09/1962	60 23 52 13 65 	25 64 78 10 46 	26 18 43 16 62 	45 37 90 48 4 	69 60 38 6 34 	28 50 25 58 75 	59 5 67 63 50 	69 9 77 48 66 	39 41 66 42 80 	18 19 53 90 45 	18 19 53 90 45 	
37	15/09/1962	60 16 78 36 88 	62 10 49 34 67 	37 74 84 89 69 	74 68 66 26 89 	33 46 57 90 58 	89 37 79 66 12 	11 58 74 79 30 	36 53 8 60 21 	3 14 36 52 71 	48 26 30 63 61 	48 26 30 63 61 	
36	08/09/1962	44 84 29 20 72 	59 86 40 47 83 	78 63 53 69 71 	68 62 36 72 49 	64 84 30 32 33 	58 16 64 62 67 	69 62 24 30 47 	76 89 26 69 88 	82 90 11 88 54 	17 70 71 21 90 	17 70 71 21 90 	
35	01/09/1962	8 69 52 59 20 	24 89 13 37 60 	30 62 88 76 25 	83 71 46 20 75 	39 15 86 64 81 	61 62 39 44 31 	14 8 42 54 85 	90 88 55 13 33 	36 89 84 7 14 	53 41 22 60 76 	53 41 22 60 76 	
34	25/08/1962	65 21 81 27 62 	81 16 4 89 5 	42 6 47 7 1 	78 51 53 1 82 	76 66 40 58 34 	89 46 76 48 68 	16 45 78 1 6 	15 71 28 5 4 	76 73 50 1 86 	59 82 34 20 75 	59 82 34 20 75 	
33	18/08/1962	27 19 36 48 57 	16 7 67 31 71 	9 54 24 59 88 	3 43 37 16 76 	71 83 54 7 49 	22 83 71 77 25 	54 86 35 74 14 	30 60 1 35 73 	31 80 28 89 51 	52 89 44 58 55 	52 89 44 58 55 	
32	11/08/1962	6 81 72 17 14 	45 82 51 24 70 	11 77 21 42 87 	69 90 45 51 28 	56 45 86 69 35 	12 72 81 52 65 	16 23 70 38 52 	20 38 10 5 22 	17 20 88 40 74 	57 84 40 8 67 	57 84 40 8 67 	
31	04/08/1962	54 23 19 3 2 	63 51 41 61 7 	7 8 48 78 81 	21 12 17 74 57 	27 17 35 16 65 	88 27 63 1 54 	62 57 81 79 18 	64 90 42 21 60 	2 42 52 20 86 	20 72 51 64 16 	20 72 51 64 16 	
30	28/07/1962	70 30 33 59 62 	29 88 12 31 64 	4 75 5 23 89 	43 55 59 22 88 	16 85 17 80 14 	11 73 14 56 79 	67 46 13 87 61 	13 42 84 35 32 	42 87 20 73 33 	39 50 69 3 13 	39 50 69 3 13 	
29	21/07/1962	9 59 83 87 13 	29 52 35 89 64 	27 43 17 52 87 	43 80 16 37 72 	60 4 28 27 61 	5 79 37 64 65 	13 37 7 46 81 	83 41 64 30 49 	80 69 66 36 24 	52 37 90 34 17 	52 37 90 34 17 	
28	14/07/1962	5 44 51 4 11 	19 11 26 77 5 	13 71 63 73 69 	84 44 10 45 22 	9 68 72 57 85 	15 85 13 82 24 	60 41 50 83 63 	74 49 78 67 73 	82 48 5 32 40 	2 69 27 68 73 	2 69 27 68 73 	
27	07/07/1962	67 34 73 2 85 	31 24 19 58 57 	48 64 16 24 33 	79 34 4 78 76 	49 52 29 89 35 	62 66 18 1 2 	24 46 39 21 66 	13 81 44 4 54 	48 33 9 6 64 	80 62 16 63 51 	80 62 16 63 51 	
26	30/06/1962	2 3 21 6 33 	30 37 54 74 29 	9 55 14 76 6 	23 1 54 82 57 	53 41 35 60 80 	86 80 30 81 41 	60 65 39 3 89 	20 49 29 45 33 	15 57 29 49 51 	11 38 52 82 32 	11 38 52 82 32 	
25	23/06/1962	50 40 11 24 27 	11 66 3 56 27 	22 5 19 23 59 	73 66 58 69 11 	29 30 82 15 87 	70 54 12 77 42 	43 80 3 53 83 	27 59 24 10 22 	66 23 73 41 86 	64 55 79 86 74 	64 55 79 86 74 	
24	16/06/1962	82 20 2 74 8 	52 32 37 59 24 	52 41 6 21 7 	16 60 41 69 64 	7 63 1 35 58 	7 85 43 39 49 	84 88 13 81 44 	43 50 76 55 21 	12 18 45 68 66 	7 58 78 25 10 	7 58 78 25 10 	
23	09/06/1962	30 78 52 70 69 	34 79 4 66 83 	58 74 68 60 12 	52 29 79 65 48 	35 82 21 29 40 	38 4 90 27 31 	40 48 10 51 45 	79 21 67 56 32 	16 29 32 78 63 	64 77 34 25 55 	64 77 34 25 55 	
22	04/06/1962	73 14 75 17 9 	71 42 45 37 73 	24 60 44 51 32 	50 72 3 49 5 	30 42 31 45 72 	24 84 43 54 88 	2 73 43 64 38 	83 5 37 11 63 	70 5 1 10 81 	51 4 46 65 23 	51 4 46 65 23 	
21	26/05/1962	10 29 31 42 67 	40 70 90 17 30 	52 28 11 10 71 	84 83 28 27 76 	49 78 90 68 36 	71 56 80 21 24 	23 76 61 85 26 	66 88 77 79 58 	63 71 83 48 4 	7 44 40 75 13 	7 44 40 75 13 	
20	19/05/1962	89 84 28 37 60 	43 90 32 81 39 	9 28 44 45 70 	17 54 7 63 12 	13 66 20 4 1 	78 56 80 58 74 	47 65 42 14 53 	64 9 57 59 29 	43 60 63 8 49 	52 85 71 73 44 	52 85 71 73 44 	
19	12/05/1962	76 84 60 14 25 	11 41 56 12 8 	59 42 12 74 90 	12 28 9 52 81 	41 82 8 31 53 	15 52 37 87 61 	39 10 1 71 73 	41 11 66 51 13 	67 37 42 9 31 	71 43 53 16 80 	71 43 53 16 80 	
18	05/05/1962	18 41 45 64 62 	66 19 45 80 31 	79 40 47 69 29 	41 25 77 27 62 	33 8 38 74 25 	25 14 84 43 3 	35 9 13 83 52 	9 42 7 78 27 	3 22 69 11 48 	36 68 10 66 50 	36 68 10 66 50 	
17	28/04/1962	90 63 57 60 42 	73 65 69 16 46 	71 1 55 40 36 	23 89 78 76 53 	43 74 79 26 75 	55 42 36 61 15 	88 53 54 72 9 	53 74 20 1 54 	53 8 37 64 11 	48 64 6 10 70 	48 64 6 10 70 	
16	21/04/1962	4 86 75 53 74 	41 66 18 74 62 	90 9 24 33 43 	80 20 16 14 88 	12 45 15 88 17 	71 66 5 52 69 	87 32 57 81 19 	17 70 79 38 32 	76 40 90 28 47 	70 13 6 47 7 	70 13 6 47 7 	
15	14/04/1962	17 28 8 12 18 	67 18 3 74 53 	82 21 4 14 83 	11 39 37 61 76 	26 11 66 47 8 	38 27 56 82 53 	78 48 2 76 56 	88 46 37 35 27 	55 76 64 66 57 	6 16 18 71 72 	6 16 18 71 72 	
14	07/04/1962	51 87 55 81 67 	75 82 32 48 38 	20 75 89 49 25 	27 6 55 59 37 	84 74 30 50 8 	9 23 65 57 8 	7 38 61 3 52 	41 79 20 8 9 	46 30 28 86 41 	27 39 12 28 37 	27 39 12 28 37 	
13	31/03/1962	49 57 84 77 43 	34 16 47 41 85 	19 82 44 64 1 	86 11 84 15 16 	71 86 24 36 15 	63 51 46 5 58 	74 16 6 85 55 	71 57 29 40 5 	64 43 84 23 90 	34 74 70 18 17 	34 74 70 18 17 	
12	24/03/1962	6 15 36 7 44 	83 65 33 72 57 	64 55 31 17 9 	89 1 57 7 48 	10 54 63 30 80 	76 79 65 5 53 	84 36 83 31 85 	2 50 47 81 23 	73 8 65 15 54 	65 19 53 35 27 	65 19 53 35 27 	
11	17/03/1962	39 57 6 34 33 	13 44 55 2 46 	65 27 89 25 60 	19 29 81 23 22 	46 67 49 9 70 	37 16 82 34 21 	2 86 11 62 42 	49 85 26 12 30 	37 69 8 47 81 	58 45 61 71 39 	58 45 61 71 39 	
10	10/03/1962	54 68 24 87 19 	86 41 32 38 42 	14 80 12 15 36 	70 8 75 9 87 	85 14 68 70 42 	71 34 68 88 73 	49 44 65 40 31 	58 42 36 34 60 	20 61 60 46 10 	37 63 86 55 87 	37 63 86 55 87 	
9	03/03/1962	58 70 54 18 12 	36 17 44 88 70 	40 84 18 28 44 	48 84 23 27 26 	12 53 71 41 84 	68 45 9 90 47 	39 41 70 87 1 	55 69 81 79 8 	40 88 4 51 81 	37 9 32 72 16 	37 9 32 72 16 	
8	24/02/1962	79 83 84 82 22 	67 46 70 42 21 	19 69 50 86 26 	58 20 43 89 14 	80 21 35 8 42 	54 31 53 43 86 	33 65 40 56 74 	22 58 38 2 62 	14 71 17 28 60 	87 47 83 89 56 	87 47 83 89 56 	
7	17/02/1962	56 77 29 10 36 	11 31 26 69 28 	3 70 55 78 20 	27 62 38 66 15 	66 30 62 4 2 	87 16 14 10 35 	7 73 1 46 83 	48 85 43 50 84 	5 82 49 18 17 	87 4 18 16 82 	87 4 18 16 82 	
6	10/02/1962	61 56 60 86 83 	4 89 13 7 70 	1 12 21 38 58 	69 35 5 90 66 	15 82 29 84 41 	36 81 53 90 76 	19 56 82 90 49 	2 69 62 4 50 	17 85 82 49 2 	53 2 30 34 14 	53 2 30 34 14 	
5	03/02/1962	67 54 22 61 27 	64 27 41 81 69 	2 35 13 42 23 	79 71 5 2 66 	33 13 75 39 2 	29 44 4 25 16 	79 28 65 10 34 	55 87 4 51 1 	75 82 81 34 17 	45 83 29 80 4 	45 83 29 80 4 	
4	27/01/1962	23 83 44 41 49 	20 14 86 51 29 	18 17 51 65 24 	22 19 83 29 41 	46 16 53 71 70 	21 62 85 65 90 	17 55 18 23 32 	37 54 40 34 32 	79 49 37 32 24 	62 39 88 26 1 	62 39 88 26 1 	
3	20/01/1962	39 6 62 57 33 	80 31 50 90 55 	38 63 8 25 45 	9 53 31 14 55 	90 7 15 78 63 	69 22 17 74 68 	5 60 46 42 14 	73 31 27 51 1 	11 61 88 15 79 	18 83 84 17 89 	18 83 84 17 89 	
2	13/01/1962	40 9 81 38 71 	53 63 61 27 40 	1 83 32 30 9 	61 20 57 47 53 	29 58 30 72 42 	39 5 76 4 57 	24 33 37 21 57 	60 47 22 1 62 	60 39 12 65 30 	73 63 52 81 5 	73 63 52 81 5 	
1	08/01/1962	25 80 62 67 60 	42 8 56 26 15 	7 71 31 80 14 	70 43 90 61 36 	11 60 41 29 76 	51 87 41 10 37 	83 60 39 66 48 	27 48 30 80 57 	13 74 88 43 36 	20 77 58 29 55 	20 77 58 29 55 	
