Lotto
Archivio estrazioni Lotto anno 1894 aggiornato al 29/12/1894
Concorso	Data	Bari	Cagliari	Firenze	Genova	Milano	Napoli	Palermo	Roma	Torino	Venezia	Nazionale	
52	29/12/1894	53 30 86 18 68 	     	71 59 36 28 4 	     	20 18 16 9 15 	56 32 16 77 18 	47 45 38 77 90 	41 87 69 55 56 	53 79 80 64 7 	2 75 70 48 64 	     	
51	22/12/1894	46 18 1 72 32 	46 18 1 72 32 	81 66 17 83 70 	81 66 17 83 70 	12 50 88 51 8 	45 89 42 5 13 	51 44 82 37 25 	29 82 84 90 10 	42 2 31 36 61 	70 50 72 60 30 	70 50 72 60 30 	
50	15/12/1894	63 89 14 66 73 	63 89 14 66 73 	23 48 44 15 41 	23 48 44 15 41 	4 9 78 89 8 	5 8 69 11 72 	51 9 31 68 83 	71 38 37 82 21 	14 42 58 9 76 	15 43 11 18 61 	15 43 11 18 61 	
49	08/12/1894	83 63 16 37 27 	83 63 16 37 27 	31 58 32 24 8 	31 58 32 24 8 	56 34 84 48 47 	54 49 24 76 64 	6 25 13 4 12 	12 79 30 75 58 	44 78 84 72 35 	66 5 81 20 40 	66 5 81 20 40 	
48	01/12/1894	44 40 85 23 22 	44 40 85 23 22 	5 80 37 69 31 	5 80 37 69 31 	44 47 74 69 5 	81 10 9 65 86 	71 31 17 90 24 	19 90 48 64 73 	4 39 23 80 22 	77 48 78 17 69 	77 48 78 17 69 	
47	24/11/1894	86 49 80 14 27 	86 49 80 14 27 	52 57 82 1 66 	52 57 82 1 66 	69 54 40 70 1 	31 71 22 14 52 	70 58 24 28 19 	47 41 53 55 81 	26 86 4 89 3 	25 74 50 48 1 	25 74 50 48 1 	
46	17/11/1894	14 61 40 20 18 	14 61 40 20 18 	48 22 15 54 55 	48 22 15 54 55 	12 63 47 5 45 	59 30 27 26 9 	25 30 24 26 56 	74 34 44 70 54 	45 56 55 25 59 	67 18 1 38 65 	67 18 1 38 65 	
45	10/11/1894	53 17 24 48 67 	53 17 24 48 67 	31 59 27 70 5 	31 59 27 70 5 	25 72 75 26 65 	86 25 15 8 38 	13 58 19 21 28 	72 35 68 33 16 	69 9 24 85 10 	6 4 44 36 66 	6 4 44 36 66 	
44	03/11/1894	25 21 73 82 50 	25 21 73 82 50 	75 67 33 31 15 	75 67 33 31 15 	68 13 76 73 53 	52 84 11 31 58 	47 48 54 9 22 	23 88 41 6 68 	18 30 67 28 25 	33 31 1 89 23 	33 31 1 89 23 	
43	27/10/1894	5 63 44 12 35 	5 63 44 12 35 	63 40 89 12 68 	63 40 89 12 68 	13 85 72 48 7 	21 25 55 79 90 	77 42 21 11 71 	59 15 81 39 18 	14 89 17 72 70 	48 79 37 90 73 	48 79 37 90 73 	
42	20/10/1894	78 37 41 11 24 	78 37 41 11 24 	29 19 55 2 69 	29 19 55 2 69 	62 87 37 40 82 	31 17 36 61 65 	18 62 7 4 32 	72 70 7 14 59 	47 70 67 61 44 	77 15 27 74 19 	77 15 27 74 19 	
41	13/10/1894	30 85 53 50 82 	30 85 53 50 82 	5 57 83 90 18 	5 57 83 90 18 	11 70 88 39 71 	55 13 31 4 57 	68 49 58 15 26 	19 11 88 51 63 	57 18 51 16 9 	57 80 79 54 30 	57 80 79 54 30 	
40	06/10/1894	10 71 80 74 63 	10 71 80 74 63 	53 7 75 68 54 	53 7 75 68 54 	21 27 14 73 68 	6 80 60 55 34 	57 4 74 11 56 	30 27 31 39 11 	40 64 72 8 51 	68 79 10 25 35 	68 79 10 25 35 	
39	29/09/1894	38 54 69 43 85 	38 54 69 43 85 	21 41 49 44 32 	21 41 49 44 32 	42 29 60 58 38 	87 3 64 79 83 	76 25 70 71 11 	77 65 80 62 4 	54 75 31 34 20 	57 30 37 36 75 	57 30 37 36 75 	
38	22/09/1894	58 30 7 59 18 	58 30 7 59 18 	28 12 4 41 21 	28 12 4 41 21 	52 63 69 76 68 	15 28 83 42 40 	26 67 28 13 33 	84 10 88 54 90 	87 8 59 45 83 	10 70 13 17 55 	10 70 13 17 55 	
37	15/09/1894	66 55 38 14 30 	66 55 38 14 30 	63 66 23 3 47 	63 66 23 3 47 	64 37 20 71 80 	2 86 57 36 69 	8 63 54 20 24 	66 11 10 59 53 	78 24 23 70 43 	44 13 22 54 5 	44 13 22 54 5 	
36	08/09/1894	64 32 35 63 28 	64 32 35 63 28 	4 32 20 78 63 	4 32 20 78 63 	59 18 84 41 48 	63 62 3 75 47 	66 84 74 61 31 	13 71 86 53 15 	22 89 67 81 71 	55 74 53 10 61 	55 74 53 10 61 	
35	01/09/1894	62 88 61 81 80 	62 88 61 81 80 	16 26 18 19 47 	16 26 18 19 47 	23 42 85 25 12 	51 43 40 19 72 	12 60 39 32 88 	83 40 24 54 2 	2 84 20 31 85 	58 44 81 16 75 	58 44 81 16 75 	
34	25/08/1894	15 20 18 24 52 	15 20 18 24 52 	55 53 71 67 76 	55 53 71 67 76 	66 40 7 51 55 	10 42 62 47 48 	12 34 1 30 85 	65 23 6 18 78 	26 76 18 33 55 	85 22 50 59 17 	85 22 50 59 17 	
33	18/08/1894	27 83 81 89 37 	27 83 81 89 37 	53 24 27 76 48 	53 24 27 76 48 	64 83 57 56 37 	43 44 5 13 51 	17 33 90 36 58 	77 60 35 7 68 	57 24 3 53 8 	58 33 37 35 54 	58 33 37 35 54 	
32	11/08/1894	49 8 62 11 50 	49 8 62 11 50 	17 70 82 64 42 	17 70 82 64 42 	18 65 7 90 60 	29 56 50 28 67 	79 86 3 8 34 	43 62 79 34 77 	18 68 59 71 3 	18 69 32 46 85 	18 69 32 46 85 	
31	04/08/1894	8 48 88 90 15 	8 48 88 90 15 	47 69 63 89 78 	47 69 63 89 78 	53 35 4 7 23 	86 74 72 19 45 	65 13 48 43 36 	81 89 47 84 60 	56 40 47 64 88 	66 19 59 27 2 	66 19 59 27 2 	
30	28/07/1894	33 69 48 38 24 	33 69 48 38 24 	1 80 26 90 12 	1 80 26 90 12 	16 67 56 90 46 	26 64 18 37 25 	62 85 58 30 77 	25 43 36 77 12 	76 64 71 84 2 	56 72 18 51 11 	56 72 18 51 11 	
29	21/07/1894	34 47 32 84 69 	34 47 32 84 69 	25 73 23 62 26 	25 73 23 62 26 	10 78 57 33 76 	20 41 83 66 82 	14 24 61 77 25 	10 15 75 79 82 	60 72 61 7 53 	74 29 71 85 69 	74 29 71 85 69 	
28	14/07/1894	76 37 84 48 56 	76 37 84 48 56 	11 61 8 88 54 	11 61 8 88 54 	21 51 43 23 39 	51 65 59 56 60 	8 87 54 31 69 	1 21 24 2 14 	65 83 60 73 13 	65 1 74 73 46 	65 1 74 73 46 	
27	07/07/1894	10 13 37 7 53 	10 13 37 7 53 	68 69 1 14 19 	68 69 1 14 19 	74 3 6 81 70 	28 67 56 70 25 	73 41 38 21 16 	31 19 16 26 17 	36 31 20 45 17 	49 66 54 27 5 	49 66 54 27 5 	
26	30/06/1894	62 3 83 65 24 	62 3 83 65 24 	78 46 10 44 45 	78 46 10 44 45 	23 39 13 26 64 	65 1 36 30 74 	63 60 14 54 58 	90 39 69 60 86 	42 64 72 37 55 	70 73 46 49 11 	70 73 46 49 11 	
25	23/06/1894	43 9 2 16 88 	43 9 2 16 88 	61 49 87 34 8 	61 49 87 34 8 	84 48 24 74 5 	45 73 75 56 48 	15 49 46 17 27 	13 11 32 52 16 	45 34 41 86 73 	9 78 73 6 76 	9 78 73 6 76 	
24	16/06/1894	28 11 21 31 27 	28 11 21 31 27 	48 28 29 23 85 	48 28 29 23 85 	67 77 68 27 47 	46 89 32 40 28 	18 31 71 76 78 	45 25 33 11 32 	78 4 29 61 83 	38 40 24 39 22 	38 40 24 39 22 	
23	09/06/1894	69 47 20 27 48 	69 47 20 27 48 	17 52 83 20 41 	17 52 83 20 41 	37 66 62 84 11 	72 86 52 87 90 	85 69 82 47 9 	62 11 16 44 14 	48 69 55 3 37 	61 34 50 58 13 	61 34 50 58 13 	
22	02/06/1894	25 89 30 70 18 	25 89 30 70 18 	42 62 77 40 7 	42 62 77 40 7 	47 1 3 50 86 	4 6 35 12 38 	88 9 81 73 30 	79 56 39 15 60 	65 75 84 90 6 	41 89 22 83 31 	41 89 22 83 31 	
21	26/05/1894	9 68 4 30 32 	9 68 4 30 32 	47 26 72 83 17 	47 26 72 83 17 	6 80 68 69 70 	74 61 89 25 14 	32 12 76 39 46 	38 79 23 35 78 	34 9 18 28 21 	90 54 47 3 66 	90 54 47 3 66 	
20	19/05/1894	40 7 86 70 8 	40 7 86 70 8 	41 70 25 40 84 	41 70 25 40 84 	69 29 50 5 81 	76 28 61 42 19 	82 30 84 18 33 	31 18 36 64 70 	57 80 68 30 12 	28 47 60 63 3 	28 47 60 63 3 	
19	12/05/1894	14 46 78 58 22 	14 46 78 58 22 	2 43 38 29 37 	2 43 38 29 37 	53 18 41 86 7 	38 32 57 60 88 	29 71 61 15 24 	59 2 50 75 82 	9 37 2 54 74 	48 54 73 39 61 	48 54 73 39 61 	
18	05/05/1894	38 43 35 86 36 	38 43 35 86 36 	62 13 61 80 35 	62 13 61 80 35 	16 2 80 45 25 	19 25 11 38 52 	15 7 24 40 29 	8 27 86 13 63 	5 68 59 66 77 	45 15 21 38 74 	45 15 21 38 74 	
17	28/04/1894	55 27 36 12 24 	55 27 36 12 24 	64 7 13 58 46 	64 7 13 58 46 	31 5 82 19 62 	14 83 89 45 69 	27 21 34 9 38 	53 1 78 85 62 	48 62 81 53 25 	90 67 62 16 61 	90 67 62 16 61 	
16	21/04/1894	26 31 15 28 39 	26 31 15 28 39 	30 2 83 58 88 	30 2 83 58 88 	12 65 81 30 53 	78 68 23 85 46 	26 50 85 54 81 	24 7 51 6 87 	43 11 88 84 70 	4 3 81 72 86 	4 3 81 72 86 	
15	14/04/1894	60 22 90 34 64 	60 22 90 34 64 	57 14 17 33 1 	57 14 17 33 1 	49 25 56 26 43 	37 14 7 34 84 	67 57 22 19 3 	21 17 38 34 79 	64 78 52 55 10 	59 86 72 35 53 	59 86 72 35 53 	
14	07/04/1894	48 22 58 33 76 	48 22 58 33 76 	5 84 90 12 9 	5 84 90 12 9 	32 87 71 51 70 	12 75 90 4 60 	16 28 56 7 20 	57 26 75 50 10 	69 78 84 12 21 	3 17 64 53 4 	3 17 64 53 4 	
13	31/03/1894	82 83 16 52 44 	82 83 16 52 44 	32 56 68 74 61 	32 56 68 74 61 	12 78 18 43 82 	62 6 14 78 26 	44 70 75 33 64 	5 17 87 58 7 	60 38 68 33 88 	51 4 36 30 27 	51 4 36 30 27 	
12	24/03/1894	57 8 64 61 24 	57 8 64 61 24 	65 57 8 33 83 	65 57 8 33 83 	75 55 61 15 17 	72 14 36 2 40 	55 31 44 20 67 	10 53 77 61 37 	49 63 42 50 5 	11 10 19 80 39 	11 10 19 80 39 	
11	17/03/1894	59 42 3 54 64 	59 42 3 54 64 	68 86 1 55 14 	68 86 1 55 14 	11 86 14 42 87 	36 68 14 25 57 	32 73 87 49 44 	48 88 38 29 50 	75 13 69 40 18 	67 39 5 48 89 	67 39 5 48 89 	
10	10/03/1894	76 32 31 83 42 	76 32 31 83 42 	69 59 19 29 47 	69 59 19 29 47 	36 61 39 49 88 	22 74 44 43 81 	22 39 79 35 24 	86 71 61 89 9 	40 64 8 12 48 	80 74 37 55 63 	80 74 37 55 63 	
9	03/03/1894	81 16 35 27 88 	81 16 35 27 88 	39 21 54 51 80 	39 21 54 51 80 	36 18 25 15 44 	30 19 37 35 73 	40 64 88 77 24 	7 42 32 3 55 	52 73 19 34 2 	84 57 65 79 37 	84 57 65 79 37 	
8	24/02/1894	48 31 16 12 23 	48 31 16 12 23 	23 9 63 14 19 	23 9 63 14 19 	15 88 51 36 12 	43 79 8 13 25 	53 85 42 70 56 	20 73 8 70 85 	51 60 64 40 68 	23 24 3 1 42 	23 24 3 1 42 	
7	17/02/1894	45 19 74 4 30 	45 19 74 4 30 	81 9 6 88 35 	81 9 6 88 35 	59 2 89 47 85 	68 17 42 57 31 	39 84 31 62 32 	48 31 8 14 55 	88 78 69 68 34 	64 1 47 73 72 	64 1 47 73 72 	
6	10/02/1894	17 51 89 6 57 	17 51 89 6 57 	16 83 9 87 48 	16 83 9 87 48 	10 39 64 66 22 	57 76 59 81 74 	41 32 2 48 36 	75 29 63 5 56 	36 90 11 39 56 	56 17 11 26 36 	56 17 11 26 36 	
5	03/02/1894	74 89 42 67 84 	74 89 42 67 84 	71 13 80 32 20 	71 13 80 32 20 	70 9 8 38 66 	80 83 4 19 78 	23 18 21 90 87 	12 77 29 24 39 	9 15 27 14 82 	70 72 56 59 30 	70 72 56 59 30 	
4	27/01/1894	26 80 62 42 86 	26 80 62 42 86 	73 14 79 33 5 	73 14 79 33 5 	10 75 45 4 61 	80 57 15 14 69 	43 5 51 17 90 	79 47 83 35 37 	72 86 52 2 62 	4 73 12 51 26 	4 73 12 51 26 	
3	20/01/1894	6 82 1 85 72 	6 82 1 85 72 	51 76 43 68 12 	51 76 43 68 12 	46 81 65 73 30 	37 9 39 21 1 	53 82 29 86 11 	38 36 16 57 53 	9 50 58 38 79 	68 55 43 65 24 	68 55 43 65 24 	
2	13/01/1894	2 90 76 87 49 	2 90 76 87 49 	28 85 44 73 63 	28 85 44 73 63 	61 1 57 19 33 	44 1 63 5 25 	10 4 64 20 34 	33 28 81 2 9 	70 31 39 27 24 	71 87 10 5 23 	71 87 10 5 23 	
1	06/01/1894	36 47 84 31 50 	36 47 84 31 50 	53 84 57 11 19 	53 84 57 11 19 	52 83 13 36 74 	63 48 60 27 81 	54 57 75 83 63 	46 6 68 11 73 	61 68 75 77 22 	29 46 20 80 38 	29 46 20 80 38 	
