Lotto
Archivio estrazioni Lotto anno 2021 aggiornato al 30/12/2021
Concorso	Data	Bari	Cagliari	Firenze	Genova	Milano	Napoli	Palermo	Roma	Torino	Venezia	Nazionale	
156	30/12/2021	89 15 9 38 43 	48 7 70 3 8 	9 16 37 27 68 	88 4 60 25 43 	61 32 9 88 75 	57 45 69 4 32 	54 36 80 13 20 	75 6 83 70 10 	69 66 70 56 88 	6 24 59 20 71 	43 90 39 24 77 	
155	28/12/2021	61 27 18 80 79 	82 50 52 16 58 	84 57 75 77 71 	41 64 62 16 21 	83 17 33 38 56 	84 90 36 29 68 	66 17 78 72 24 	13 61 6 77 60 	89 6 22 57 19 	37 11 27 9 45 	10 68 78 48 34 	
154	27/12/2021	44 58 36 53 43 	30 17 81 38 88 	74 1 66 52 90 	76 84 9 23 34 	46 45 50 25 33 	6 66 70 87 67 	61 39 46 28 82 	36 42 81 62 63 	18 68 57 60 87 	7 14 54 53 59 	64 23 72 58 62 	
153	23/12/2021	58 75 2 16 56 	45 89 58 17 63 	28 70 41 80 25 	33 58 83 44 70 	30 11 81 36 46 	65 42 69 3 74 	31 57 3 46 12 	16 64 36 23 24 	65 29 18 38 46 	49 10 47 24 28 	49 88 51 76 56 	
152	21/12/2021	90 52 55 28 53 	38 65 59 20 87 	53 35 5 17 18 	73 57 28 5 29 	77 37 20 53 22 	23 18 38 70 57 	81 18 87 78 22 	71 79 82 38 63 	64 33 88 75 73 	34 71 59 86 31 	50 90 51 16 87 	
151	18/12/2021	33 66 43 68 74 	82 34 56 5 24 	43 5 76 60 10 	53 74 10 56 44 	32 36 46 72 10 	6 32 73 90 67 	3 7 42 88 56 	59 38 75 33 51 	63 62 78 53 27 	55 49 16 56 74 	64 8 5 50 63 	
150	16/12/2021	44 70 29 10 62 	42 32 52 11 8 	61 82 49 22 4 	90 81 47 77 45 	28 55 61 59 87 	14 32 35 64 79 	25 43 87 19 44 	9 69 66 3 79 	48 32 12 81 47 	22 46 33 61 83 	84 13 37 53 44 	
149	14/12/2021	80 27 30 74 40 	24 73 56 21 6 	11 1 29 23 75 	28 87 6 37 40 	42 3 61 41 4 	89 35 22 56 18 	29 33 52 39 74 	65 50 3 34 89 	12 68 71 85 55 	10 45 23 29 82 	71 51 31 45 50 	
148	11/12/2021	89 74 77 56 53 	41 17 30 59 3 	16 35 32 25 61 	11 80 41 1 59 	84 88 74 34 89 	56 63 20 48 51 	22 37 58 30 35 	39 57 25 29 50 	73 5 30 25 31 	37 51 64 55 48 	31 5 86 62 45 	
147	09/12/2021	16 20 85 38 53 	43 13 63 61 87 	73 43 39 87 24 	67 82 72 65 43 	69 59 35 61 31 	77 19 89 35 79 	36 75 40 26 70 	3 2 29 70 44 	86 26 8 5 52 	62 10 41 35 5 	57 72 21 38 19 	
146	07/12/2021	72 30 67 5 88 	59 75 69 56 54 	32 6 90 71 12 	88 28 84 13 49 	51 35 33 18 23 	28 15 6 84 30 	90 51 42 38 79 	10 79 43 72 59 	22 36 78 15 3 	86 54 20 80 8 	39 7 67 48 33 	
145	04/12/2021	64 29 10 54 55 	33 9 7 69 80 	85 31 72 76 39 	74 11 29 53 54 	31 47 67 28 58 	74 47 84 40 5 	26 10 56 65 61 	78 80 32 6 70 	31 49 44 17 57 	71 15 66 32 5 	28 81 25 7 56 	
144	02/12/2021	35 29 68 86 47 	26 60 43 44 46 	34 30 77 22 57 	18 46 82 2 24 	60 43 39 88 20 	72 23 51 57 22 	32 60 58 35 23 	32 29 43 26 58 	73 82 60 21 38 	90 11 34 57 46 	66 58 69 75 2 	
143	30/11/2021	26 16 85 54 19 	80 81 86 25 13 	48 65 7 74 44 	69 55 22 4 53 	26 65 59 14 63 	18 14 53 20 1 	61 88 7 20 71 	57 3 44 56 27 	12 52 82 79 3 	8 86 38 41 90 	79 15 27 83 36 	
142	27/11/2021	64 50 86 88 54 	29 78 33 68 72 	42 38 69 54 13 	46 2 36 41 29 	33 37 70 71 21 	41 57 27 6 82 	4 25 49 68 60 	17 45 78 75 56 	17 36 64 53 8 	79 83 90 60 8 	51 26 63 83 43 	
141	25/11/2021	25 5 52 67 17 	6 17 85 14 60 	70 81 8 90 53 	85 63 33 20 61 	49 83 79 4 86 	52 49 24 33 32 	39 77 12 34 53 	67 63 69 51 8 	87 37 78 56 74 	8 3 76 42 36 	77 49 57 2 45 	
140	23/11/2021	3 72 8 1 49 	9 32 44 50 61 	76 30 71 90 10 	11 40 36 23 44 	34 73 50 58 89 	81 2 78 57 76 	19 15 64 50 44 	72 84 65 10 6 	82 15 31 38 83 	48 29 12 37 4 	53 36 72 8 85 	
139	20/11/2021	83 33 23 90 32 	4 3 46 43 51 	12 59 84 38 62 	51 48 67 68 89 	48 22 86 90 79 	76 88 67 62 40 	27 53 64 80 44 	66 52 36 37 17 	2 86 79 27 81 	76 45 1 5 77 	53 73 23 59 54 	
138	18/11/2021	69 65 86 14 75 	80 76 64 36 59 	86 32 74 53 3 	42 14 13 35 71 	90 10 75 15 11 	89 36 43 45 82 	15 73 43 77 60 	86 27 31 48 39 	34 26 24 64 38 	19 18 88 28 69 	55 2 66 7 58 	
137	16/11/2021	43 21 36 2 9 	26 37 44 50 14 	54 31 42 6 59 	11 9 20 52 26 	16 70 20 31 38 	3 51 77 80 18 	48 55 31 23 49 	88 32 43 90 74 	16 24 10 15 20 	23 33 39 32 5 	22 65 89 75 46 	
136	13/11/2021	20 50 86 8 23 	21 85 74 36 19 	47 89 39 46 45 	50 4 83 43 85 	81 6 10 72 25 	85 4 87 84 55 	46 8 88 87 82 	79 6 62 61 45 	78 47 17 57 11 	55 45 26 41 39 	83 8 21 28 7 	
135	11/11/2021	31 22 79 47 56 	63 73 27 41 86 	74 37 41 71 19 	37 63 7 26 57 	33 79 31 32 36 	27 12 55 86 69 	12 38 62 1 27 	57 43 37 81 68 	37 69 88 44 11 	18 36 73 15 8 	54 44 27 75 47 	
134	09/11/2021	70 76 54 57 35 	79 44 68 69 18 	64 26 44 28 88 	45 27 48 21 67 	29 16 81 40 77 	12 64 79 65 14 	76 83 66 23 37 	62 28 86 9 20 	38 62 42 25 20 	53 43 80 29 7 	4 61 75 71 21 	
133	06/11/2021	44 46 76 41 82 	18 17 20 51 64 	26 60 24 48 82 	15 86 90 71 57 	57 22 75 54 66 	51 59 40 10 84 	78 14 40 24 30 	26 5 33 43 18 	7 32 28 51 16 	84 7 79 31 47 	86 68 8 63 87 	
132	04/11/2021	84 12 77 49 79 	76 6 10 55 52 	26 60 18 64 16 	13 79 47 24 82 	73 68 60 88 38 	36 56 2 26 47 	59 69 65 58 12 	8 60 22 4 76 	84 69 75 66 72 	47 68 53 20 17 	79 87 89 30 36 	
131	02/11/2021	15 48 86 35 58 	7 47 16 14 69 	78 45 58 11 64 	61 89 31 32 74 	11 72 77 29 57 	84 85 7 34 77 	10 77 75 43 86 	33 48 4 55 5 	16 35 56 34 75 	42 62 40 6 85 	69 81 74 23 59 	
130	30/10/2021	17 40 61 53 81 	9 55 41 77 80 	72 29 30 77 84 	14 65 11 61 4 	41 63 61 29 66 	71 55 34 5 36 	79 1 56 63 83 	82 77 45 59 70 	52 41 29 86 33 	58 71 64 86 22 	1 7 30 84 6 	
129	28/10/2021	52 70 51 42 87 	84 48 87 23 78 	78 88 24 50 21 	84 32 23 21 2 	2 11 53 45 79 	77 83 12 2 67 	87 54 57 66 83 	5 6 88 40 30 	57 64 79 69 21 	51 2 77 33 64 	88 48 61 43 51 	
128	26/10/2021	43 29 32 57 48 	1 4 35 83 42 	24 43 21 35 37 	80 78 65 59 83 	6 72 77 27 73 	89 20 31 77 27 	15 72 75 36 13 	45 58 80 82 72 	9 72 18 74 66 	17 90 48 32 55 	17 87 7 57 55 	
127	23/10/2021	58 79 45 89 72 	24 72 79 73 32 	52 61 2 30 87 	56 4 77 17 88 	62 46 45 24 42 	33 4 54 89 56 	22 58 11 7 34 	38 65 86 63 76 	60 28 12 7 63 	78 53 21 45 72 	9 3 75 52 35 	
126	21/10/2021	82 73 44 34 26 	85 70 67 44 34 	32 41 14 55 87 	20 12 9 69 5 	24 1 78 64 38 	63 20 9 32 90 	79 65 90 57 75 	27 70 78 61 39 	39 40 28 38 31 	89 45 29 30 27 	16 47 6 39 71 	
125	19/10/2021	43 44 8 25 33 	3 40 53 1 82 	2 31 80 6 18 	39 60 65 62 57 	63 48 12 67 86 	56 78 52 26 54 	28 29 54 2 18 	72 20 51 38 78 	2 85 61 24 49 	65 33 72 38 85 	29 33 42 63 23 	
124	16/10/2021	21 55 66 10 63 	75 14 16 48 25 	16 33 85 70 39 	7 36 37 90 28 	26 83 71 69 14 	72 59 13 51 60 	85 31 41 24 88 	9 54 17 1 19 	68 1 34 32 18 	67 63 19 88 37 	32 3 26 24 13 	
123	14/10/2021	54 63 65 41 48 	12 47 52 11 78 	50 11 79 78 70 	60 43 7 18 77 	7 34 14 44 2 	48 16 13 68 55 	11 48 32 57 27 	34 88 48 6 74 	85 76 9 4 68 	53 90 34 47 81 	23 53 22 59 46 	
122	12/10/2021	1 56 71 52 49 	57 29 83 10 24 	35 24 61 69 8 	56 39 7 47 80 	4 25 43 61 45 	48 26 74 82 12 	30 26 71 10 88 	90 63 31 77 19 	55 49 81 53 73 	4 82 76 54 89 	58 8 76 72 65 	
121	09/10/2021	83 28 88 17 34 	25 57 18 90 47 	64 22 65 43 87 	56 17 3 29 16 	38 71 27 40 44 	67 24 4 45 41 	45 42 15 69 74 	77 78 83 16 50 	46 55 36 4 27 	9 78 80 63 32 	77 20 22 55 11 	
120	07/10/2021	56 62 66 53 24 	49 43 89 66 27 	11 20 36 27 28 	79 40 36 48 89 	30 15 28 78 86 	29 34 64 24 51 	1 58 54 72 20 	70 33 48 67 52 	1 74 78 64 76 	5 10 1 31 23 	27 82 75 33 78 	
119	05/10/2021	46 19 12 16 7 	74 25 21 44 77 	83 5 41 40 71 	68 69 72 24 44 	54 76 17 60 81 	20 48 7 4 85 	12 19 56 59 34 	66 42 79 72 30 	45 69 20 56 18 	76 31 65 89 90 	32 65 67 70 62 	
118	02/10/2021	12 61 87 15 32 	44 68 24 35 19 	68 86 75 5 57 	6 21 54 68 60 	21 46 13 5 23 	19 35 89 61 56 	21 69 33 15 71 	13 78 21 42 87 	78 57 34 17 43 	80 38 78 51 37 	83 39 15 3 16 	
117	30/09/2021	1 32 85 20 56 	38 26 10 23 87 	43 40 55 5 47 	40 10 74 53 20 	18 51 86 73 22 	77 90 25 35 74 	40 56 30 34 49 	66 50 15 2 73 	56 73 30 21 5 	33 60 19 58 37 	40 58 50 5 32 	
116	28/09/2021	5 19 10 71 11 	83 46 17 63 52 	44 47 24 41 14 	58 43 57 73 61 	77 83 34 55 73 	90 39 76 85 26 	38 10 75 45 53 	65 17 45 9 81 	77 53 78 39 12 	86 90 70 82 25 	64 42 71 36 16 	
115	25/09/2021	89 69 62 15 67 	35 82 68 43 13 	78 70 76 83 45 	89 54 33 60 81 	2 10 64 77 76 	68 37 17 14 19 	52 56 59 2 51 	4 79 49 37 47 	3 32 44 31 49 	74 28 85 90 2 	51 60 41 31 1 	
114	23/09/2021	52 4 30 13 49 	81 77 53 13 7 	58 25 33 41 73 	9 41 18 31 54 	21 8 17 62 15 	89 49 88 76 24 	84 63 75 22 69 	31 16 48 6 76 	60 81 46 17 53 	64 34 4 55 80 	52 37 15 2 47 	
113	21/09/2021	49 53 84 39 57 	7 68 79 55 82 	90 89 3 49 43 	40 36 28 32 68 	63 47 87 4 38 	6 34 5 62 38 	19 41 7 4 53 	55 29 35 52 44 	12 24 83 53 64 	85 38 23 64 49 	77 86 10 22 65 	
112	18/09/2021	19 82 17 54 76 	7 27 63 75 62 	4 76 11 34 66 	45 79 12 19 83 	85 40 2 52 36 	22 82 43 55 4 	45 44 31 90 21 	2 16 62 49 36 	11 16 38 88 9 	56 88 52 29 6 	52 76 20 25 31 	
111	16/09/2021	74 49 82 32 42 	69 58 35 14 19 	40 78 51 22 8 	50 84 39 30 63 	66 70 41 13 62 	66 72 40 1 45 	39 81 21 79 20 	4 31 77 12 45 	58 57 45 79 71 	80 76 28 17 71 	44 31 90 13 7 	
110	14/09/2021	54 80 62 28 21 	43 7 21 17 48 	60 25 36 55 59 	6 22 12 88 85 	71 16 28 60 32 	54 6 85 28 20 	87 42 51 15 41 	37 45 40 78 83 	29 8 81 23 61 	1 32 17 86 67 	64 52 24 47 11 	
109	11/09/2021	9 19 54 3 67 	19 42 35 76 29 	86 23 77 16 42 	47 79 65 83 30 	37 26 6 43 75 	70 49 12 27 21 	46 37 47 24 51 	72 32 35 82 43 	23 86 66 39 44 	9 77 53 83 20 	23 32 4 67 15 	
108	09/09/2021	29 25 88 56 15 	18 89 25 11 22 	37 40 10 43 61 	45 77 88 62 76 	56 74 58 43 54 	49 73 21 84 22 	29 12 64 10 42 	58 27 54 48 9 	48 82 28 32 49 	1 8 54 12 72 	62 71 27 90 89 	
107	07/09/2021	83 12 16 77 60 	81 68 24 9 62 	4 6 20 68 63 	3 69 37 31 21 	60 58 45 20 80 	57 18 24 29 88 	61 32 51 37 47 	68 90 74 7 69 	35 62 65 60 38 	34 72 45 77 78 	46 6 35 38 87 	
106	04/09/2021	57 33 68 25 47 	47 56 33 63 42 	90 10 18 83 32 	16 65 1 19 15 	20 48 75 17 47 	49 28 83 74 77 	43 30 59 34 76 	59 60 10 52 73 	24 21 25 6 67 	31 34 79 15 18 	55 7 87 84 82 	
105	02/09/2021	34 62 15 63 26 	14 36 67 10 25 	83 59 28 21 31 	85 53 16 20 29 	16 86 11 29 76 	50 48 70 76 67 	83 13 39 61 17 	1 40 82 44 22 	5 20 8 49 13 	71 65 80 36 24 	69 36 68 13 3 	
104	31/08/2021	22 57 32 43 79 	1 51 26 19 32 	59 35 8 53 10 	39 15 66 76 75 	38 71 69 88 30 	44 4 76 32 77 	70 16 64 41 81 	25 65 84 63 17 	47 32 74 19 73 	73 62 17 71 27 	77 40 80 89 6 	
103	28/08/2021	78 36 23 68 86 	58 9 25 53 60 	80 47 68 12 52 	84 1 73 85 6 	64 87 60 83 57 	54 14 42 37 41 	51 35 30 39 21 	30 22 55 51 75 	75 73 82 86 36 	66 72 19 23 7 	62 22 86 18 10 	
102	26/08/2021	2 23 12 15 55 	75 42 49 36 63 	82 49 69 80 68 	52 79 44 38 85 	9 32 80 35 38 	53 54 87 43 26 	39 22 5 40 34 	59 38 36 41 66 	75 26 69 37 32 	20 67 88 90 41 	30 83 77 29 87 	
101	24/08/2021	31 32 78 47 66 	72 67 3 47 79 	56 32 50 34 77 	82 5 73 15 11 	7 11 22 53 47 	51 39 36 21 90 	1 40 14 5 8 	11 13 39 69 50 	61 87 82 27 21 	55 34 3 53 27 	24 60 20 35 59 	
100	21/08/2021	74 41 15 69 9 	11 50 53 70 24 	4 79 87 50 56 	50 47 72 30 76 	56 32 27 16 36 	1 71 74 29 6 	80 14 84 60 9 	28 31 50 88 18 	53 15 42 84 71 	18 75 56 86 25 	19 29 28 86 35 	
99	19/08/2021	35 56 53 49 62 	2 32 35 79 78 	47 17 73 48 46 	72 42 27 50 60 	20 19 88 3 48 	26 27 83 20 32 	10 53 76 17 22 	39 34 50 59 9 	72 39 41 1 50 	76 14 82 23 37 	83 88 11 68 19 	
98	17/08/2021	84 48 30 61 2 	48 12 61 54 73 	58 73 21 61 49 	1 60 39 36 52 	32 39 23 83 43 	83 48 52 89 54 	37 47 55 36 41 	42 20 54 26 71 	40 52 22 33 13 	51 54 70 35 22 	40 30 78 8 20 	
97	14/08/2021	30 13 67 83 65 	25 13 80 30 12 	36 72 40 20 82 	61 83 59 2 29 	36 65 19 61 9 	81 33 35 25 84 	58 23 90 16 8 	15 19 29 63 70 	4 58 16 18 59 	26 80 90 25 63 	7 42 34 86 87 	
96	12/08/2021	53 37 86 32 64 	15 60 12 63 75 	39 29 25 62 56 	34 88 2 5 30 	71 26 66 74 1 	82 42 44 50 65 	2 30 10 77 82 	81 9 13 47 73 	81 6 1 33 58 	7 38 56 2 60 	29 4 17 49 24 	
95	10/08/2021	81 39 66 7 12 	31 55 78 34 8 	54 20 64 77 81 	9 53 31 34 5 	61 2 17 66 78 	42 64 52 48 86 	44 55 19 78 13 	25 24 13 15 11 	38 54 47 10 65 	4 72 52 90 79 	4 62 56 45 35 	
94	07/08/2021	26 39 68 9 29 	89 68 14 47 62 	46 23 17 44 47 	77 45 66 87 67 	47 19 20 79 34 	6 70 74 73 86 	56 39 45 17 50 	48 42 81 59 35 	69 31 29 67 30 	74 84 15 85 14 	57 15 6 43 46 	
93	05/08/2021	16 78 19 13 67 	24 8 76 11 3 	8 75 61 88 60 	73 59 7 60 33 	83 84 71 8 70 	60 32 20 61 66 	5 85 51 63 64 	46 57 1 10 13 	87 51 82 37 67 	33 29 40 47 43 	7 51 42 81 13 	
92	03/08/2021	29 69 52 80 88 	20 69 37 90 54 	81 12 45 76 58 	38 16 15 20 41 	1 56 26 67 18 	40 89 71 50 32 	21 79 32 71 48 	50 83 38 73 77 	71 27 11 30 42 	8 2 25 53 47 	55 31 22 41 48 	
91	31/07/2021	73 10 19 26 34 	32 44 13 79 19 	49 60 72 31 80 	8 85 70 80 83 	54 87 85 46 8 	14 60 74 81 17 	61 6 42 49 75 	82 13 58 65 34 	52 4 71 68 13 	80 34 30 84 86 	18 38 75 68 41 	
90	29/07/2021	55 18 78 36 64 	14 28 66 39 55 	87 3 73 15 24 	26 22 28 23 74 	23 83 14 72 41 	4 15 88 74 86 	86 54 45 56 57 	24 35 90 25 59 	47 40 55 82 18 	40 76 63 29 44 	65 35 70 64 63 	
89	27/07/2021	50 65 72 26 38 	32 59 9 87 25 	41 44 86 58 11 	19 6 42 4 45 	10 22 53 12 54 	5 10 41 12 58 	48 34 7 29 12 	31 76 71 58 67 	79 26 59 13 57 	84 24 59 64 28 	72 85 25 28 55 	
88	24/07/2021	81 2 42 55 79 	61 9 15 74 56 	4 5 7 35 37 	12 42 13 47 34 	23 6 39 12 89 	22 80 25 24 41 	35 42 25 3 23 	78 13 56 45 59 	61 4 82 65 5 	29 67 83 45 85 	47 75 12 31 62 	
87	22/07/2021	86 56 14 65 47 	59 4 12 64 3 	62 74 81 36 48 	90 31 20 67 68 	65 15 72 33 54 	68 79 70 22 72 	45 68 38 12 69 	10 75 32 59 70 	45 66 79 50 38 	81 26 9 69 31 	77 31 41 58 8 	
86	20/07/2021	27 89 7 65 85 	32 18 9 1 56 	5 3 75 12 90 	10 71 51 17 87 	38 57 12 52 40 	26 28 4 6 45 	13 44 39 87 53 	50 22 65 41 7 	56 2 59 64 66 	89 56 70 19 85 	11 35 2 30 58 	
85	17/07/2021	26 9 78 48 22 	70 21 35 73 62 	85 74 32 27 21 	59 25 63 69 52 	43 16 19 88 1 	59 42 38 41 2 	69 54 81 86 37 	36 35 61 58 56 	37 49 55 26 78 	8 47 3 82 88 	88 18 26 1 2 	
84	15/07/2021	47 73 44 59 84 	4 58 18 37 67 	49 59 70 80 64 	19 77 83 40 42 	50 76 61 38 74 	81 38 13 27 9 	78 8 4 65 39 	85 12 10 9 89 	32 17 24 44 6 	35 71 76 89 82 	88 45 14 33 31 	
83	13/07/2021	90 32 45 44 62 	14 41 50 12 84 	6 31 60 90 46 	51 64 70 69 43 	84 66 3 75 34 	83 41 1 37 19 	71 15 73 55 60 	65 84 81 64 7 	87 42 2 65 74 	4 67 62 30 14 	38 43 78 20 64 	
82	10/07/2021	88 33 11 53 51 	18 6 35 41 73 	77 54 43 58 20 	7 79 27 13 32 	23 64 89 65 79 	55 72 29 77 25 	6 20 60 17 69 	71 4 46 66 34 	29 73 22 30 46 	46 4 25 18 50 	60 30 6 82 70 	
81	08/07/2021	30 4 62 33 44 	12 13 47 63 15 	61 20 19 77 29 	46 45 21 69 7 	17 73 34 48 81 	59 52 22 50 46 	25 3 19 20 75 	80 4 56 3 30 	74 78 10 32 47 	46 66 74 30 44 	45 78 7 57 42 	
80	06/07/2021	80 18 70 39 65 	21 50 7 42 76 	53 75 15 86 27 	10 88 66 30 32 	16 43 9 42 21 	77 29 75 42 67 	7 36 40 86 71 	20 37 16 25 68 	46 5 3 22 74 	48 17 34 1 70 	60 49 27 88 46 	
79	03/07/2021	11 80 24 90 81 	12 19 24 9 66 	7 86 63 6 11 	24 38 76 80 37 	68 80 29 23 41 	61 39 68 7 1 	28 17 83 71 50 	34 21 45 72 85 	15 11 13 82 43 	60 39 71 87 50 	23 66 6 7 82 	
78	01/07/2021	81 85 48 86 38 	36 27 25 69 84 	35 36 70 18 15 	31 9 4 58 21 	38 49 39 29 40 	35 31 61 4 5 	67 15 12 41 45 	70 15 59 55 78 	84 42 69 34 73 	28 59 52 11 76 	47 60 66 31 28 	
77	29/06/2021	83 51 84 34 5 	83 31 27 55 52 	84 9 44 8 66 	29 4 84 52 40 	80 50 76 26 6 	49 85 82 14 76 	25 41 47 48 55 	2 83 35 27 82 	9 30 4 16 53 	6 15 46 47 27 	42 31 70 66 51 	
76	26/06/2021	27 69 3 1 12 	51 47 16 18 22 	45 63 55 38 85 	15 59 33 83 44 	63 58 86 34 45 	81 52 89 12 20 	24 69 8 27 1 	86 14 58 78 19 	44 51 36 14 20 	6 76 24 11 54 	3 38 73 10 49 	
75	24/06/2021	43 50 77 49 59 	86 42 69 70 65 	36 33 56 15 6 	12 57 5 58 78 	13 66 89 55 10 	87 61 26 13 15 	8 77 44 73 45 	23 25 86 48 76 	22 51 81 3 10 	37 59 79 90 42 	19 77 66 72 82 	
74	22/06/2021	38 69 47 22 46 	84 37 9 20 5 	65 83 1 8 46 	44 41 67 54 77 	5 78 84 60 89 	88 32 53 54 86 	3 31 67 21 7 	13 86 2 24 83 	45 64 89 7 74 	63 64 21 27 53 	2 17 19 70 41 	
73	19/06/2021	7 21 15 54 27 	25 2 28 72 53 	68 83 46 61 15 	54 24 45 75 53 	36 13 58 1 50 	27 88 2 90 51 	39 2 52 20 59 	45 80 41 15 33 	44 21 86 10 69 	48 21 36 58 37 	52 86 75 9 69 	
72	17/06/2021	27 38 71 15 84 	68 28 19 22 76 	20 18 40 45 12 	15 70 56 29 16 	38 63 77 12 33 	27 74 63 36 90 	75 80 10 66 74 	12 80 53 37 29 	7 71 47 82 75 	74 42 85 78 47 	7 18 17 31 47 	
71	15/06/2021	88 81 53 41 90 	2 56 59 9 11 	13 77 62 12 31 	28 44 6 85 10 	8 53 1 75 18 	89 14 60 11 16 	9 38 50 3 79 	66 71 24 62 36 	58 81 17 60 18 	83 30 13 6 66 	37 27 30 87 65 	
70	12/06/2021	70 15 3 11 34 	28 25 2 5 37 	79 69 31 52 40 	57 7 50 41 30 	24 44 71 60 38 	72 39 62 85 35 	81 86 1 4 89 	18 29 41 82 83 	55 27 36 16 73 	50 61 38 72 7 	42 25 60 51 61 	
69	10/06/2021	72 6 63 79 86 	56 2 43 30 78 	87 82 63 17 51 	20 5 3 44 59 	19 78 38 33 82 	16 30 62 77 36 	4 66 33 30 61 	88 82 60 32 69 	61 60 67 51 4 	25 14 35 74 54 	57 84 15 58 47 	
68	08/06/2021	47 6 11 33 41 	34 77 52 20 70 	49 66 87 27 39 	64 50 55 35 76 	38 21 89 48 16 	34 73 40 22 53 	36 53 72 19 84 	6 7 42 17 63 	31 58 24 62 47 	65 20 89 44 66 	13 55 44 20 61 	
67	05/06/2021	86 51 57 79 65 	65 89 46 54 68 	82 6 80 10 84 	70 15 60 28 64 	4 85 78 83 68 	38 29 6 25 11 	65 23 63 6 49 	52 49 30 18 84 	55 42 10 85 11 	73 71 23 49 88 	62 71 54 2 67 	
66	03/06/2021	22 86 81 65 75 	59 74 20 28 55 	79 81 32 12 23 	79 4 54 83 76 	89 49 34 53 48 	51 80 57 38 27 	74 7 49 32 90 	12 90 32 50 67 	4 46 90 40 80 	14 79 12 36 52 	87 77 41 76 48 	
65	01/06/2021	60 46 72 47 9 	67 70 53 48 5 	67 19 35 36 66 	64 72 55 87 89 	52 89 50 1 75 	36 19 13 4 77 	88 64 22 72 77 	55 47 11 89 3 	58 86 12 69 11 	29 47 34 76 69 	48 75 31 3 43 	
64	29/05/2021	13 29 37 63 53 	56 28 61 55 82 	86 73 69 35 9 	43 18 52 3 81 	77 33 59 88 54 	54 71 38 22 65 	69 67 82 6 40 	77 55 68 49 18 	73 54 86 52 35 	85 10 81 54 53 	15 71 12 21 74 	
63	27/05/2021	38 7 87 3 66 	75 31 56 32 72 	76 83 9 82 52 	74 61 70 5 83 	27 6 41 13 88 	65 12 67 90 72 	22 43 14 58 51 	69 62 16 60 55 	85 89 72 14 25 	52 73 81 76 20 	51 6 12 46 41 	
62	25/05/2021	75 43 1 56 31 	27 50 80 39 11 	16 32 52 40 81 	85 65 54 90 30 	39 18 66 52 12 	14 9 75 7 28 	70 16 69 50 36 	27 5 1 12 8 	26 46 2 6 31 	82 68 63 37 47 	45 8 26 35 5 	
61	22/05/2021	38 81 12 87 34 	71 39 63 35 56 	20 28 29 76 72 	57 83 18 55 62 	29 65 56 45 13 	7 59 19 48 73 	59 34 62 49 40 	90 49 80 79 20 	2 68 45 34 42 	53 60 87 6 23 	86 69 74 85 26 	
60	20/05/2021	18 28 45 62 58 	57 88 70 15 87 	86 30 5 58 52 	9 81 5 20 35 	67 47 52 13 5 	11 56 37 3 84 	51 71 10 25 60 	7 71 90 35 77 	67 58 31 29 4 	19 35 55 5 63 	30 70 61 7 4 	
59	18/05/2021	29 19 46 72 23 	49 87 14 85 82 	33 7 63 13 44 	88 32 40 77 21 	70 59 85 62 80 	42 19 1 28 24 	90 79 26 39 48 	79 47 77 17 71 	17 8 50 74 87 	4 49 63 10 85 	83 75 13 44 25 	
58	15/05/2021	88 8 23 43 3 	60 4 47 24 82 	38 41 44 79 86 	26 62 27 69 85 	60 29 33 15 80 	86 1 90 58 2 	72 33 57 21 51 	75 39 89 88 40 	41 28 84 30 80 	67 6 28 18 13 	64 80 35 26 32 	
57	13/05/2021	23 13 56 9 71 	70 73 5 8 66 	58 17 47 64 22 	68 43 9 2 19 	32 38 89 47 80 	53 29 42 44 47 	79 20 54 15 90 	50 38 72 41 26 	56 18 27 75 41 	62 76 41 63 44 	90 24 38 37 55 	
56	11/05/2021	77 67 73 28 63 	19 90 43 50 31 	31 6 41 47 56 	38 86 53 26 10 	59 54 68 86 18 	20 85 57 49 37 	74 11 17 63 55 	60 33 28 51 15 	73 65 35 82 36 	71 76 28 53 59 	4 84 70 31 15 	
55	08/05/2021	68 5 34 17 43 	58 67 4 53 82 	35 25 9 60 3 	30 52 41 78 83 	65 37 45 70 42 	45 22 88 25 75 	53 18 58 16 7 	42 36 88 67 59 	25 13 20 77 30 	46 35 11 17 14 	28 27 57 25 42 	
54	06/05/2021	29 63 52 60 85 	81 1 26 41 70 	12 38 33 57 36 	29 38 79 37 66 	78 44 32 66 75 	50 43 15 29 16 	72 70 5 53 50 	1 69 57 36 47 	26 69 63 68 42 	87 71 31 79 11 	27 18 39 61 86 	
53	04/05/2021	30 10 84 47 64 	17 25 88 85 63 	81 15 86 80 11 	67 37 23 24 64 	53 87 28 3 48 	53 79 77 76 83 	21 26 4 65 76 	31 6 65 40 62 	82 87 21 53 79 	88 58 75 15 83 	63 90 5 11 68 	
52	03/05/2021	42 57 78 18 43 	17 52 50 63 38 	70 21 50 5 2 	23 26 62 83 86 	36 12 76 57 8 	57 83 30 56 63 	66 49 40 87 28 	63 49 83 58 59 	4 3 79 68 51 	50 29 2 89 11 	47 76 5 19 62 	
51	29/04/2021	87 52 49 10 51 	69 67 76 66 24 	30 43 10 57 66 	37 80 57 35 26 	18 3 76 16 24 	30 46 73 69 18 	71 17 14 63 82 	28 89 10 9 86 	28 6 61 81 54 	20 68 28 88 45 	89 84 34 80 73 	
50	27/04/2021	36 50 56 73 41 	4 34 67 32 46 	32 70 40 33 22 	63 47 71 21 38 	80 7 62 55 88 	3 75 20 12 29 	70 64 35 34 54 	25 89 14 51 77 	87 74 73 47 60 	8 84 9 10 2 	23 83 1 89 17 	
49	24/04/2021	35 10 18 76 54 	65 71 26 5 31 	80 90 7 20 61 	82 80 57 61 54 	50 67 16 28 9 	47 77 36 68 66 	10 71 73 83 43 	60 78 49 58 82 	71 81 46 44 23 	60 9 90 56 86 	36 64 35 57 17 	
48	22/04/2021	60 21 2 8 47 	61 19 59 69 56 	66 3 75 21 51 	2 73 76 6 15 	70 5 32 64 84 	23 26 24 8 29 	32 68 73 48 30 	50 61 67 24 70 	1 28 26 67 71 	23 86 54 45 90 	15 40 12 29 46 	
47	20/04/2021	48 4 61 77 26 	72 80 64 55 30 	34 87 46 4 28 	47 35 52 89 18 	84 56 20 7 5 	89 8 10 69 77 	28 43 75 23 10 	50 57 21 69 17 	39 43 66 41 85 	21 7 48 12 80 	81 72 39 18 37 	
46	17/04/2021	59 61 41 4 32 	10 68 19 11 85 	41 1 13 73 47 	44 30 39 88 90 	67 88 33 13 32 	44 41 79 80 66 	15 59 4 31 21 	46 68 56 78 58 	9 15 84 17 32 	81 4 84 42 35 	52 16 63 62 46 	
45	15/04/2021	26 57 56 51 6 	73 76 88 52 15 	29 15 72 63 84 	60 90 46 24 42 	26 40 75 3 55 	6 79 84 89 73 	1 14 42 54 68 	34 37 4 30 65 	76 90 41 17 40 	27 4 25 51 37 	17 30 7 24 49 	
44	13/04/2021	51 83 12 48 64 	7 47 19 78 34 	35 75 2 12 46 	36 48 67 77 87 	68 49 15 79 73 	32 39 60 78 66 	22 75 25 78 82 	42 49 90 27 84 	15 85 78 24 44 	1 22 82 55 61 	90 38 27 86 55 	
43	10/04/2021	56 82 66 18 11 	49 20 83 38 22 	36 68 83 66 32 	42 34 85 17 26 	53 17 14 80 60 	70 85 57 81 90 	82 43 89 85 52 	30 43 2 61 80 	51 55 89 81 23 	70 29 54 32 27 	50 21 69 43 73 	
42	08/04/2021	24 19 57 21 42 	81 32 60 28 54 	86 77 81 12 75 	1 31 78 45 72 	45 46 57 3 49 	48 7 56 69 1 	11 56 12 61 75 	34 74 13 53 33 	80 68 23 88 19 	76 34 78 28 90 	45 69 76 54 6 	
41	06/04/2021	53 28 38 56 87 	51 75 21 39 41 	19 8 22 86 48 	80 40 2 24 72 	77 21 14 27 11 	55 41 42 59 77 	5 82 84 29 28 	59 41 79 24 84 	68 74 29 25 73 	1 21 44 11 40 	86 12 89 62 15 	
40	03/04/2021	15 78 49 19 12 	5 87 25 71 39 	35 13 51 1 21 	40 44 33 62 10 	15 44 73 63 65 	31 41 86 29 77 	75 40 18 27 3 	51 10 37 59 38 	23 17 56 4 37 	38 24 39 89 15 	50 40 84 73 38 	
39	01/04/2021	30 50 89 51 31 	58 47 89 23 70 	10 57 9 40 33 	30 74 70 36 8 	89 80 56 53 43 	21 47 27 88 58 	61 51 45 18 23 	33 32 15 44 55 	9 78 24 53 86 	78 33 79 56 53 	68 10 86 70 43 	
38	30/03/2021	72 61 88 9 86 	47 50 12 75 40 	14 13 62 69 43 	21 66 55 68 14 	18 23 37 10 35 	59 80 64 26 27 	67 39 24 21 58 	83 5 50 68 13 	5 31 2 25 27 	56 41 8 43 39 	53 75 56 58 2 	
37	27/03/2021	2 66 86 76 79 	42 26 15 68 53 	35 49 16 2 17 	45 1 51 65 78 	83 80 40 30 31 	15 72 29 71 38 	65 52 77 12 36 	20 14 22 23 72 	1 20 15 68 70 	14 48 84 80 60 	55 24 25 3 1 	
36	25/03/2021	55 50 56 46 52 	29 70 2 33 19 	18 87 62 50 21 	49 40 74 87 7 	1 54 9 52 88 	54 65 35 25 15 	81 56 45 76 78 	63 51 49 31 62 	82 13 23 63 62 	46 80 69 14 29 	16 10 38 72 46 	
35	23/03/2021	15 53 52 55 12 	48 39 84 1 74 	69 39 3 13 82 	75 79 26 42 1 	17 61 70 38 25 	40 13 60 59 73 	64 65 87 5 34 	43 84 14 80 37 	68 53 7 32 45 	3 54 77 4 85 	64 90 21 67 49 	
34	20/03/2021	55 11 84 76 72 	57 16 44 87 63 	70 90 83 17 80 	37 78 26 41 70 	58 81 24 25 13 	13 79 76 46 17 	82 7 4 30 35 	37 73 34 47 36 	72 23 13 81 18 	67 15 47 48 43 	7 8 52 28 27 	
33	18/03/2021	12 48 59 32 88 	64 50 3 62 76 	22 23 85 18 7 	33 57 10 39 14 	13 49 10 27 14 	5 64 46 9 32 	70 43 85 13 50 	52 60 85 54 69 	74 10 12 29 30 	15 50 30 70 63 	78 68 7 26 28 	
32	16/03/2021	51 46 32 47 50 	85 9 41 50 23 	53 29 45 18 64 	36 27 39 25 4 	25 51 20 63 50 	42 81 9 5 78 	26 84 29 10 34 	56 25 81 52 89 	29 4 58 33 79 	69 65 71 30 83 	27 86 45 53 81 	
31	13/03/2021	29 56 77 74 31 	60 59 29 89 63 	69 57 42 71 21 	26 63 32 71 59 	26 66 6 55 60 	63 79 42 32 81 	3 30 13 12 11 	71 44 13 6 48 	56 58 37 18 24 	3 49 65 5 70 	45 31 8 56 51 	
30	11/03/2021	78 53 71 66 50 	27 51 25 80 55 	2 37 18 41 47 	32 77 84 86 16 	58 76 79 36 39 	61 90 81 3 35 	54 56 35 64 7 	77 23 44 63 24 	44 3 40 38 69 	26 34 48 54 21 	17 11 65 8 13 	
29	09/03/2021	57 15 66 90 12 	71 90 12 72 38 	63 2 22 40 10 	28 62 52 46 89 	41 2 4 84 35 	86 44 77 68 2 	86 30 67 74 87 	63 11 62 44 26 	13 42 39 34 51 	49 29 80 51 59 	75 44 37 71 90 	
28	06/03/2021	80 51 6 35 76 	17 84 66 64 67 	18 83 51 4 64 	45 39 62 67 11 	15 51 70 21 48 	73 10 4 54 3 	59 41 83 21 22 	7 56 66 15 24 	51 46 19 18 1 	4 73 38 36 13 	38 11 44 31 17 	
27	04/03/2021	24 23 64 69 25 	81 36 90 73 47 	4 48 63 14 42 	45 69 89 81 50 	36 44 39 10 23 	31 14 50 30 23 	13 74 37 9 79 	54 14 23 70 40 	6 35 55 39 20 	69 1 34 89 77 	15 24 31 80 13 	
26	02/03/2021	74 86 47 24 75 	61 25 88 49 60 	5 46 65 22 1 	48 69 78 67 64 	15 42 8 44 35 	6 67 37 30 9 	17 11 20 46 89 	73 25 66 1 74 	37 4 33 5 88 	60 75 53 70 11 	28 64 11 75 88 	
25	27/02/2021	17 75 30 79 64 	85 30 22 73 55 	44 75 83 32 26 	14 47 72 89 82 	37 20 87 78 38 	56 39 72 21 50 	45 64 6 38 17 	13 47 43 39 10 	63 34 60 64 58 	1 7 4 65 44 	34 72 32 89 73 	
24	25/02/2021	17 74 14 27 5 	45 35 88 47 48 	58 42 19 3 88 	42 52 19 1 51 	31 54 70 34 61 	48 47 77 17 40 	26 30 23 69 3 	52 83 82 17 16 	62 85 88 40 43 	26 68 39 63 42 	53 40 89 33 47 	
23	23/02/2021	42 65 37 2 23 	31 72 86 37 33 	86 84 68 42 71 	1 89 70 42 20 	20 18 88 65 87 	16 11 48 38 69 	81 34 65 68 59 	43 50 79 72 89 	41 86 18 31 87 	13 53 37 49 60 	55 71 68 9 87 	
22	20/02/2021	58 87 55 79 71 	61 80 41 1 64 	10 37 82 17 63 	24 1 54 67 69 	74 73 35 43 23 	9 4 39 81 38 	90 68 10 29 13 	34 69 21 54 27 	57 58 67 21 70 	67 29 70 56 83 	90 84 12 1 13 	
21	18/02/2021	81 20 56 41 65 	64 85 90 71 48 	41 90 78 63 40 	40 45 26 76 89 	72 38 7 83 47 	54 74 12 31 25 	3 71 57 74 10 	47 58 12 34 7 	79 39 83 65 89 	39 23 42 78 82 	54 17 12 62 61 	
20	16/02/2021	45 70 52 19 33 	65 10 7 56 34 	45 85 46 49 90 	81 50 31 15 56 	14 50 22 63 78 	41 31 83 49 29 	32 11 63 4 45 	90 37 61 15 44 	11 14 51 15 58 	84 85 52 53 56 	34 36 55 44 68 	
19	13/02/2021	86 81 70 77 8 	31 48 66 68 89 	86 21 17 45 25 	78 66 77 16 63 	1 45 29 15 9 	89 38 1 66 46 	16 75 79 43 49 	61 49 11 56 74 	71 42 15 76 85 	34 18 14 31 29 	16 47 27 71 4 	
18	11/02/2021	42 28 49 67 33 	16 80 54 39 32 	67 31 75 74 29 	43 87 29 46 24 	48 38 85 41 59 	5 57 37 15 61 	26 39 48 4 5 	5 21 27 17 66 	76 83 20 22 13 	30 51 13 23 67 	5 49 29 54 83 	
17	09/02/2021	13 11 88 20 64 	65 27 7 51 26 	6 63 64 35 44 	26 27 76 11 72 	53 43 86 2 50 	15 1 5 60 75 	4 85 60 57 63 	77 79 10 18 72 	17 74 66 12 30 	64 23 32 72 66 	16 10 68 12 55 	
16	06/02/2021	28 22 88 83 70 	35 7 52 72 77 	19 25 58 65 35 	31 52 87 27 71 	32 22 27 14 28 	75 19 28 80 62 	36 78 82 86 45 	68 50 73 11 67 	26 36 53 52 21 	49 61 2 12 47 	62 27 5 57 19 	
15	04/02/2021	46 2 84 50 61 	62 77 61 43 76 	29 45 13 9 46 	30 70 79 8 39 	85 68 11 62 40 	77 60 46 71 25 	78 77 17 18 90 	18 4 12 87 76 	24 6 51 82 89 	63 69 45 7 30 	8 35 63 57 84 	
14	02/02/2021	38 87 12 59 1 	62 21 77 41 28 	77 89 27 62 26 	20 10 87 13 28 	76 68 56 4 82 	22 31 9 82 49 	48 54 6 55 27 	72 9 52 31 41 	25 21 69 74 46 	10 6 54 51 75 	16 71 9 85 89 	
13	30/01/2021	40 27 73 30 67 	37 79 1 44 3 	5 54 82 63 81 	53 49 28 70 56 	10 84 47 81 44 	48 54 37 44 84 	30 6 65 32 78 	64 74 60 86 18 	63 5 23 85 21 	36 83 4 21 50 	61 52 63 15 41 	
12	28/01/2021	52 41 5 39 51 	84 3 32 41 45 	79 53 77 47 38 	22 87 63 24 88 	29 80 4 2 28 	81 38 82 17 89 	62 81 58 60 33 	68 26 66 27 28 	43 67 42 30 7 	11 17 57 83 4 	61 37 69 26 82 	
11	26/01/2021	21 55 1 42 88 	75 28 81 6 88 	53 63 35 90 83 	3 64 78 66 60 	31 48 47 8 37 	87 65 76 42 54 	85 64 66 20 78 	61 31 45 60 20 	35 83 53 81 11 	17 26 45 77 61 	13 49 82 80 47 	
10	23/01/2021	53 48 56 25 3 	77 9 19 18 56 	69 46 88 53 22 	22 49 74 62 55 	7 20 30 51 33 	29 35 79 4 65 	7 72 47 44 79 	62 17 46 47 33 	56 29 25 9 67 	53 17 26 19 4 	69 42 25 41 52 	
9	21/01/2021	18 43 19 69 15 	17 27 61 9 76 	69 63 81 26 61 	89 36 7 81 66 	39 82 74 12 40 	7 53 5 73 88 	27 58 8 52 19 	17 38 39 40 29 	66 90 17 74 29 	8 12 88 40 87 	71 21 54 79 77 	
8	19/01/2021	82 32 35 54 87 	19 27 10 60 86 	58 65 62 37 90 	56 35 87 6 59 	29 68 45 15 70 	47 26 5 81 52 	15 85 84 20 65 	83 64 75 36 78 	7 59 68 44 61 	79 22 80 83 17 	69 38 23 16 52 	
7	16/01/2021	20 1 13 6 50 	42 34 14 21 44 	63 46 80 4 5 	84 38 72 89 90 	83 90 45 54 27 	58 45 68 44 4 	42 86 57 71 45 	51 46 8 18 90 	90 76 28 26 7 	38 80 73 1 21 	73 38 4 23 64 	
6	14/01/2021	9 40 47 26 49 	34 64 43 78 31 	45 32 17 65 37 	65 10 81 28 29 	59 46 84 58 3 	84 41 81 25 4 	20 58 29 9 69 	56 73 61 64 3 	19 1 6 34 39 	8 85 30 45 83 	65 71 45 73 35 	
5	12/01/2021	90 85 78 75 64 	15 82 13 17 79 	36 88 14 5 11 	84 51 20 38 71 	50 6 84 72 25 	33 16 13 53 56 	20 49 44 30 78 	28 21 5 90 88 	42 47 36 15 53 	22 38 2 43 75 	36 38 87 40 58 	
4	09/01/2021	25 87 48 88 8 	53 59 47 24 67 	76 42 84 61 85 	6 67 51 85 55 	79 3 29 30 68 	4 53 7 83 19 	28 12 25 49 71 	69 5 29 86 68 	23 45 60 58 43 	86 68 34 50 73 	87 45 3 4 51 	
3	07/01/2021	47 5 59 7 41 	7 1 68 30 84 	28 84 59 50 70 	52 10 60 65 76 	69 47 4 7 33 	80 55 26 90 63 	8 22 9 23 17 	71 4 31 13 87 	72 82 18 7 67 	51 48 35 24 64 	83 7 35 48 57 	
2	05/01/2021	24 37 69 26 35 	15 79 12 16 52 	47 30 33 18 6 	41 18 40 25 39 	14 40 1 8 19 	27 33 26 80 41 	26 83 15 77 50 	34 24 25 18 90 	85 3 79 50 84 	39 58 71 37 30 	46 65 78 11 79 	
1	02/01/2021	36 62 47 72 85 	7 21 63 75 50 	83 21 53 63 56 	65 10 27 20 82 	14 55 76 80 65 	78 36 48 60 84 	48 42 75 47 78 	33 71 46 63 89 	78 66 42 82 54 	38 55 69 70 83 	23 15 46 85 83 	
