Lotto
Archivio estrazioni Lotto anno 1959 aggiornato al 28/12/1959
Concorso	Data	Bari	Cagliari	Firenze	Genova	Milano	Napoli	Palermo	Roma	Torino	Venezia	Nazionale	
52	28/12/1959	57 15 38 22 53 	31 11 72 64 13 	22 74 2 47 14 	8 43 59 75 41 	82 71 1 55 45 	89 74 37 27 13 	86 66 19 74 28 	35 24 69 7 65 	42 20 62 60 87 	23 16 44 42 50 	     	
51	19/12/1959	19 68 37 16 4 	78 42 12 13 89 	62 29 23 14 63 	48 33 49 77 44 	36 5 39 30 17 	1 49 84 51 55 	5 46 12 36 33 	47 3 37 41 79 	63 80 53 55 19 	86 62 11 19 41 	86 62 11 19 41 	
50	12/12/1959	83 59 75 18 44 	20 18 61 30 17 	85 2 66 68 5 	75 27 85 19 29 	3 20 52 40 84 	44 4 67 63 86 	43 30 27 50 65 	41 28 23 17 4 	11 22 78 65 83 	73 70 22 27 3 	73 70 22 27 3 	
49	05/12/1959	63 3 78 1 51 	35 69 79 44 49 	15 37 14 7 16 	86 70 23 46 6 	24 48 36 61 68 	87 36 32 67 31 	15 63 42 8 30 	14 40 41 66 67 	74 58 88 73 48 	41 8 10 6 19 	41 8 10 6 19 	
48	28/11/1959	5 56 53 59 14 	25 68 6 88 8 	65 23 51 71 57 	69 51 47 52 28 	30 12 19 68 17 	2 28 51 37 3 	29 64 55 50 23 	81 86 87 23 35 	52 63 67 1 7 	54 58 64 6 17 	54 58 64 6 17 	
47	21/11/1959	7 6 59 49 36 	46 69 24 51 83 	26 77 28 71 40 	75 80 2 52 10 	55 30 46 62 84 	90 11 44 52 69 	83 69 31 36 39 	13 59 34 48 83 	32 33 12 71 70 	22 25 64 38 1 	22 25 64 38 1 	
46	14/11/1959	65 43 18 80 81 	20 24 82 34 47 	89 88 45 33 3 	87 42 67 4 40 	16 45 76 11 90 	10 73 57 86 34 	63 50 31 11 83 	27 40 28 23 36 	34 83 31 27 1 	74 32 48 40 26 	74 32 48 40 26 	
45	07/11/1959	67 11 56 60 47 	43 75 65 77 46 	21 24 56 77 22 	44 23 67 46 80 	83 33 31 89 78 	3 84 53 65 32 	8 28 68 60 42 	35 33 60 18 64 	69 66 23 57 55 	89 28 85 7 1 	89 28 85 7 1 	
44	31/10/1959	83 48 62 86 27 	19 78 75 32 20 	15 7 38 78 12 	10 1 49 46 32 	82 49 71 6 22 	51 7 76 69 55 	88 42 64 5 78 	68 35 51 40 1 	1 12 84 18 81 	1 89 62 85 3 	1 89 62 85 3 	
43	24/10/1959	46 13 32 22 7 	19 12 10 23 71 	70 44 89 1 88 	44 45 42 70 60 	46 22 76 8 5 	79 41 68 23 76 	84 6 19 49 51 	34 50 30 63 48 	6 36 26 48 27 	16 10 11 70 28 	16 10 11 70 28 	
42	17/10/1959	72 52 39 35 87 	44 64 77 12 7 	19 39 15 77 16 	58 50 17 6 46 	46 55 60 61 22 	88 72 30 15 54 	6 72 57 82 20 	42 65 18 30 6 	79 76 45 63 31 	43 86 64 9 31 	43 86 64 9 31 	
41	10/10/1959	27 11 88 73 56 	52 8 71 48 45 	59 31 61 81 89 	43 53 56 59 33 	37 14 58 80 52 	42 25 86 85 44 	75 70 35 25 31 	49 59 81 70 5 	31 64 49 46 7 	87 18 24 11 5 	87 18 24 11 5 	
40	03/10/1959	60 77 23 10 81 	9 49 85 10 29 	71 14 57 74 80 	7 82 24 34 80 	30 80 75 7 54 	65 52 69 83 79 	85 43 76 89 53 	4 19 12 31 70 	16 56 3 65 28 	70 53 65 55 41 	70 53 65 55 41 	
39	26/09/1959	44 79 37 64 61 	63 85 33 50 60 	52 34 22 33 88 	31 76 45 28 14 	82 29 60 37 80 	12 77 40 42 32 	82 32 23 61 40 	68 24 23 71 59 	35 69 90 24 39 	12 68 31 65 37 	12 68 31 65 37 	
38	19/09/1959	47 46 13 89 68 	65 61 45 78 11 	59 85 16 81 37 	42 33 60 89 4 	42 72 45 88 55 	56 17 84 25 35 	22 72 61 29 54 	51 47 80 82 83 	80 18 42 66 10 	66 74 84 71 5 	66 74 84 71 5 	
37	12/09/1959	36 14 18 28 33 	42 47 1 50 19 	5 62 89 76 6 	70 67 73 51 88 	66 77 86 29 53 	28 16 44 82 35 	54 72 37 76 47 	55 19 90 60 58 	69 3 76 4 14 	34 72 66 12 13 	34 72 66 12 13 	
36	05/09/1959	62 83 22 46 23 	45 64 69 57 75 	3 37 17 9 19 	68 5 8 63 23 	44 25 88 49 56 	17 66 22 2 13 	90 68 35 75 54 	37 75 51 24 63 	76 39 59 82 74 	51 36 38 72 1 	51 36 38 72 1 	
35	29/08/1959	45 8 25 77 37 	38 11 23 43 3 	2 69 26 59 45 	80 90 51 39 35 	89 66 41 61 14 	50 57 52 80 74 	61 36 35 30 20 	72 27 89 29 6 	28 67 30 47 12 	83 46 31 13 20 	83 46 31 13 20 	
34	22/08/1959	24 67 30 37 88 	35 38 55 44 29 	4 2 49 57 23 	31 53 89 66 36 	68 71 82 64 24 	9 69 17 13 59 	80 18 82 63 3 	50 41 44 58 70 	1 61 16 15 37 	79 59 69 12 73 	79 59 69 12 73 	
33	17/08/1959	46 15 25 72 1 	71 20 70 7 6 	42 21 80 68 9 	76 51 43 18 19 	67 86 55 56 30 	57 23 60 41 11 	4 78 31 5 54 	82 80 70 75 35 	39 13 88 30 45 	40 81 24 76 51 	40 81 24 76 51 	
32	08/08/1959	31 24 20 2 10 	40 18 19 26 83 	3 54 69 77 25 	34 41 54 10 55 	87 73 28 82 24 	24 49 85 58 59 	72 53 71 5 30 	87 85 90 78 86 	52 26 28 32 46 	12 23 68 83 63 	12 23 68 83 63 	
31	01/08/1959	40 10 59 80 79 	22 90 57 27 71 	52 81 23 55 82 	41 71 77 72 12 	68 80 48 6 83 	64 71 66 15 25 	19 52 1 16 63 	72 4 15 14 12 	2 43 5 34 89 	32 81 90 44 11 	32 81 90 44 11 	
30	25/07/1959	1 13 86 4 21 	81 41 61 40 1 	73 19 13 49 78 	89 78 80 58 75 	42 19 31 24 46 	9 57 24 31 21 	49 17 34 8 65 	67 64 57 8 40 	22 63 8 6 50 	77 5 52 59 86 	77 5 52 59 86 	
29	18/07/1959	34 18 81 9 26 	6 41 86 44 60 	56 87 54 26 58 	54 67 12 65 68 	37 15 35 56 75 	3 34 70 58 46 	64 57 43 48 35 	67 38 37 34 63 	8 13 25 51 37 	72 81 35 86 13 	72 81 35 86 13 	
28	11/07/1959	26 57 2 48 41 	57 61 44 38 74 	77 66 64 69 53 	87 32 86 24 60 	29 56 44 68 58 	14 43 34 5 23 	67 18 28 82 78 	70 57 67 52 21 	25 41 58 69 89 	13 88 38 7 64 	13 88 38 7 64 	
27	04/07/1959	3 1 8 15 58 	90 2 40 30 6 	62 24 89 64 25 	12 72 45 43 56 	7 24 18 81 21 	53 31 62 9 43 	27 31 18 50 2 	74 42 45 5 18 	15 24 63 57 4 	79 66 42 58 47 	79 66 42 58 47 	
26	27/06/1959	9 72 7 8 62 	55 66 49 52 77 	18 77 27 12 35 	29 18 28 20 11 	27 15 68 47 41 	73 30 18 3 7 	54 49 19 28 5 	52 28 19 64 53 	80 70 87 50 14 	22 25 62 49 26 	22 25 62 49 26 	
25	20/06/1959	63 64 42 73 51 	18 69 34 19 70 	6 81 27 33 21 	84 35 21 1 30 	17 41 25 6 34 	2 81 26 58 57 	67 54 88 59 60 	52 67 47 33 10 	56 59 11 70 46 	43 85 27 32 14 	43 85 27 32 14 	
24	13/06/1959	69 15 28 61 16 	61 90 23 2 3 	61 82 63 67 7 	67 75 68 25 7 	12 55 1 43 48 	90 42 76 29 48 	16 63 8 65 78 	41 88 2 58 45 	3 62 79 34 18 	38 52 19 83 58 	38 52 19 83 58 	
23	06/06/1959	81 6 56 67 18 	86 27 22 52 39 	47 26 80 58 70 	1 30 73 65 2 	1 45 41 46 83 	50 85 61 29 74 	83 16 55 82 44 	56 8 13 53 32 	65 85 77 25 48 	81 30 58 68 37 	81 30 58 68 37 	
22	30/05/1959	80 21 68 74 62 	27 14 84 69 1 	5 75 82 45 47 	6 68 8 3 23 	86 62 16 89 85 	54 45 55 74 42 	72 64 63 10 9 	89 80 68 15 2 	71 40 60 12 72 	58 74 66 70 7 	58 74 66 70 7 	
21	23/05/1959	31 17 14 66 34 	16 42 66 61 38 	83 79 27 13 9 	5 7 70 30 50 	90 84 52 77 17 	10 22 88 26 16 	5 6 55 73 86 	19 7 17 71 3 	22 46 3 25 50 	43 6 84 39 42 	43 6 84 39 42 	
20	16/05/1959	34 12 15 52 35 	57 44 42 36 72 	22 24 5 35 38 	89 39 9 78 1 	67 3 7 62 6 	85 3 61 62 29 	45 62 67 2 31 	9 17 69 62 66 	68 57 79 17 12 	66 85 90 64 74 	66 85 90 64 74 	
19	09/05/1959	28 67 80 61 40 	67 89 38 82 81 	6 45 59 29 75 	51 47 70 24 55 	51 30 79 89 65 	90 46 36 74 56 	19 34 89 37 51 	50 23 75 80 42 	3 46 47 23 21 	29 31 58 66 47 	29 31 58 66 47 	
18	04/05/1959	30 31 81 47 46 	72 41 31 28 35 	3 76 65 75 52 	32 90 82 3 2 	12 45 8 70 33 	12 31 25 76 69 	18 82 25 84 35 	81 47 33 85 21 	28 64 56 42 66 	20 8 31 18 17 	20 8 31 18 17 	
17	27/04/1959	52 33 57 85 2 	49 84 19 87 10 	51 71 63 48 49 	21 72 81 70 44 	78 35 6 73 48 	13 76 6 49 33 	58 44 45 46 85 	53 7 21 26 79 	76 44 16 83 27 	16 29 4 40 78 	16 29 4 40 78 	
16	18/04/1959	52 81 8 31 59 	80 68 17 43 82 	54 22 80 68 25 	61 50 29 53 9 	33 25 81 19 2 	82 5 38 59 45 	66 41 73 76 29 	46 28 84 22 67 	31 89 16 84 9 	40 67 87 84 43 	40 67 87 84 43 	
15	11/04/1959	9 72 25 41 71 	53 76 27 26 34 	33 11 78 73 41 	50 14 33 6 86 	71 30 83 2 34 	90 15 49 22 8 	66 60 39 62 2 	79 32 17 82 40 	50 31 70 23 30 	83 66 29 75 80 	83 66 29 75 80 	
14	04/04/1959	22 90 2 43 40 	34 20 45 21 38 	20 75 57 71 55 	40 21 44 18 87 	90 5 3 89 50 	27 66 15 90 14 	16 10 12 78 53 	45 81 32 43 28 	76 84 46 86 28 	38 48 43 6 24 	38 48 43 6 24 	
13	28/03/1959	38 9 90 76 63 	13 24 34 77 51 	50 72 61 90 60 	68 8 71 87 33 	38 43 27 84 30 	88 72 71 64 49 	48 62 45 65 59 	79 13 49 89 41 	14 38 41 83 85 	49 54 5 36 83 	49 54 5 36 83 	
12	21/03/1959	3 40 82 86 50 	76 61 31 3 80 	17 62 61 69 82 	67 53 79 34 64 	74 90 82 59 32 	65 52 86 13 67 	61 22 43 51 84 	54 4 48 61 56 	68 77 46 39 28 	55 37 49 14 81 	55 37 49 14 81 	
11	14/03/1959	39 21 37 36 54 	1 4 28 66 13 	56 90 60 26 64 	84 50 85 27 35 	6 15 34 2 68 	90 24 2 33 62 	34 41 67 72 28 	76 58 90 36 34 	55 86 11 47 16 	25 63 23 11 22 	25 63 23 11 22 	
10	07/03/1959	10 57 68 23 53 	89 87 75 79 63 	52 46 84 18 24 	31 79 2 35 19 	80 90 86 70 24 	9 85 63 32 47 	52 65 46 9 13 	19 34 4 51 6 	76 29 63 66 31 	12 74 15 3 50 	12 74 15 3 50 	
9	28/02/1959	82 63 27 21 74 	73 54 44 55 13 	60 54 82 55 49 	53 72 52 63 16 	37 30 50 82 14 	73 49 90 29 25 	59 10 32 64 3 	63 21 54 81 74 	72 62 42 49 82 	61 68 58 70 53 	61 68 58 70 53 	
8	21/02/1959	4 87 68 46 27 	28 17 84 14 22 	35 8 58 11 42 	64 74 42 67 83 	25 60 52 87 9 	50 6 12 24 44 	68 22 15 31 74 	64 31 65 35 47 	90 10 80 60 51 	46 47 51 17 78 	46 47 51 17 78 	
7	14/02/1959	51 45 32 61 71 	79 72 24 23 10 	33 82 87 27 65 	44 72 49 1 64 	51 50 1 6 47 	18 47 42 32 36 	1 53 26 39 66 	39 40 57 65 25 	44 24 8 48 69 	27 71 72 18 87 	27 71 72 18 87 	
6	07/02/1959	41 51 44 58 87 	37 63 80 15 68 	30 57 15 87 89 	22 82 66 54 43 	36 43 74 2 42 	63 62 42 53 12 	31 49 38 11 86 	20 27 75 10 60 	4 76 82 42 73 	46 69 2 50 20 	46 69 2 50 20 	
5	31/01/1959	66 59 68 76 58 	51 69 17 72 3 	41 61 5 73 9 	58 17 1 67 39 	14 39 35 82 77 	33 28 10 6 62 	82 75 55 11 14 	38 25 55 35 73 	88 67 69 37 27 	28 55 58 78 77 	28 55 58 78 77 	
4	24/01/1959	3 35 27 21 52 	25 42 39 54 5 	50 72 47 11 32 	21 41 22 15 1 	73 60 24 15 86 	26 17 74 70 33 	73 83 36 50 41 	51 58 67 34 46 	16 57 5 52 61 	72 89 31 65 48 	72 89 31 65 48 	
3	17/01/1959	90 47 30 4 37 	61 86 41 30 63 	34 76 10 9 13 	73 68 12 32 10 	41 57 69 4 7 	31 69 30 16 19 	45 66 31 6 37 	51 67 35 88 2 	53 16 42 20 28 	47 33 31 11 89 	47 33 31 11 89 	
2	10/01/1959	16 90 5 13 41 	60 90 43 88 64 	30 86 28 26 50 	70 35 33 60 85 	14 4 41 30 79 	23 59 26 64 51 	16 65 80 17 78 	80 43 12 62 9 	43 89 71 63 17 	28 75 6 18 14 	28 75 6 18 14 	
1	03/01/1959	42 10 48 88 52 	61 39 66 45 9 	76 25 82 18 89 	50 32 77 49 5 	28 83 53 40 75 	54 27 61 39 82 	24 63 71 85 57 	76 70 13 90 9 	83 48 60 57 55 	7 52 28 11 32 	7 52 28 11 32 	
