Lotto
Archivio estrazioni Lotto anno 2014 aggiornato al 30/12/2014
Concorso	Data	Bari	Cagliari	Firenze	Genova	Milano	Napoli	Palermo	Roma	Torino	Venezia	Nazionale	
156	30/12/2014	28 56 21 85 67 	87 72 48 79 31 	61 12 57 63 64 	7 14 63 51 26 	58 17 1 36 84 	47 61 63 27 15 	36 41 39 20 24 	56 16 58 87 67 	49 59 33 81 62 	49 29 9 40 88 	80 52 66 69 51 	
155	27/12/2014	41 30 56 9 6 	47 25 73 71 44 	13 83 61 16 11 	82 33 1 7 59 	30 13 15 21 76 	39 14 38 89 6 	88 31 57 75 84 	12 23 3 1 21 	7 30 29 62 88 	88 74 44 33 81 	10 19 47 1 87 	
154	24/12/2014	14 5 66 4 62 	54 29 12 73 48 	64 84 16 83 7 	15 6 42 33 14 	76 28 14 1 57 	70 5 85 80 15 	12 43 7 47 1 	69 3 33 40 57 	44 41 88 58 60 	38 33 20 90 17 	10 24 82 86 90 	
153	23/12/2014	59 18 39 68 55 	66 16 11 81 51 	81 55 77 87 47 	49 65 41 11 80 	3 45 7 61 26 	35 46 14 7 55 	4 36 32 54 23 	34 44 37 65 7 	48 37 89 41 10 	1 83 65 74 64 	88 82 78 2 16 	
152	20/12/2014	55 79 51 12 86 	21 73 5 90 57 	59 15 84 51 46 	51 85 50 9 45 	25 15 54 39 33 	10 74 6 77 9 	39 11 59 47 68 	58 8 84 5 78 	58 4 1 20 32 	66 49 53 87 58 	4 21 51 75 61 	
151	18/12/2014	29 82 20 4 65 	63 7 19 1 41 	79 56 10 66 63 	28 89 76 86 17 	32 3 70 88 79 	89 2 60 30 10 	80 32 38 50 43 	49 87 10 14 89 	6 29 67 28 54 	45 74 5 55 31 	68 24 28 4 90 	
150	16/12/2014	81 27 60 13 43 	7 77 22 46 30 	35 48 43 83 37 	59 34 42 20 73 	23 29 37 31 40 	29 10 31 88 27 	27 35 23 63 25 	88 24 82 87 67 	38 90 72 9 58 	54 37 18 69 1 	31 10 49 13 43 	
149	13/12/2014	73 56 81 34 88 	66 12 31 30 65 	58 16 3 76 69 	58 53 33 4 68 	26 75 54 34 28 	31 7 76 37 49 	46 11 33 73 27 	11 79 12 66 9 	13 79 71 38 90 	47 88 8 32 58 	88 70 18 12 17 	
148	11/12/2014	51 75 58 54 36 	71 86 1 44 48 	65 42 19 17 77 	15 5 17 9 34 	68 83 38 40 37 	69 4 46 58 34 	79 9 73 85 29 	51 78 29 24 60 	79 38 55 27 88 	21 58 33 90 59 	55 72 87 49 51 	
147	09/12/2014	72 27 62 60 51 	44 6 26 40 62 	80 46 35 50 2 	9 65 16 56 38 	52 7 83 23 68 	48 83 56 41 52 	37 3 70 24 73 	24 11 82 71 40 	9 86 5 88 1 	39 90 72 68 73 	86 23 73 82 45 	
146	06/12/2014	28 78 16 67 66 	20 80 88 3 10 	62 67 75 1 20 	83 19 30 50 9 	78 11 25 68 1 	90 23 28 48 9 	17 18 12 29 42 	2 80 45 15 71 	5 76 75 24 26 	40 70 18 80 4 	54 90 20 77 43 	
145	04/12/2014	81 4 60 71 33 	55 3 36 85 14 	53 25 9 17 44 	30 54 45 56 29 	73 30 26 64 1 	17 16 8 6 58 	17 61 41 37 67 	54 19 6 22 77 	69 23 11 79 38 	15 41 68 20 50 	8 81 46 86 17 	
144	02/12/2014	12 90 34 53 52 	54 15 21 29 9 	41 72 18 87 64 	61 73 50 13 74 	2 8 66 71 83 	80 86 65 27 19 	54 83 51 75 71 	68 43 46 58 20 	26 85 5 35 89 	8 43 37 66 58 	41 28 89 25 27 	
143	29/11/2014	19 22 50 39 61 	68 50 26 8 69 	45 73 28 59 9 	85 67 61 36 32 	74 29 78 7 40 	48 20 71 25 76 	14 47 70 68 49 	87 24 47 22 7 	77 61 42 70 53 	49 30 44 33 52 	35 74 32 47 20 	
142	27/11/2014	40 67 3 10 69 	46 2 48 44 82 	28 56 83 61 48 	58 14 7 40 36 	32 9 71 67 81 	20 15 22 17 5 	78 70 54 38 14 	86 70 38 7 57 	56 36 90 7 6 	14 4 81 69 2 	35 26 75 67 51 	
141	25/11/2014	26 22 89 41 90 	44 10 38 4 39 	33 50 20 3 87 	90 60 65 76 70 	27 79 88 71 36 	7 17 66 87 79 	49 59 64 72 3 	51 81 85 22 20 	90 79 27 13 64 	19 81 65 28 17 	54 79 87 23 9 	
140	22/11/2014	21 66 58 26 45 	54 67 90 1 27 	68 11 42 51 5 	53 47 86 28 14 	88 87 46 21 2 	83 34 1 58 37 	16 68 84 86 27 	70 55 78 43 6 	73 57 31 54 18 	48 78 74 85 40 	13 74 8 3 83 	
139	20/11/2014	85 84 65 30 6 	8 72 46 87 14 	74 78 3 11 76 	38 20 84 86 7 	60 65 51 20 11 	3 12 81 76 65 	78 30 26 18 21 	10 47 89 81 72 	33 8 12 56 55 	82 68 14 24 56 	23 17 79 73 24 	
138	18/11/2014	35 58 89 10 71 	60 28 31 51 83 	8 65 44 83 32 	56 9 60 87 6 	61 41 2 1 59 	56 33 74 32 2 	90 35 75 6 41 	52 38 59 18 49 	21 75 8 31 2 	6 87 89 16 63 	77 7 88 62 36 	
137	15/11/2014	57 22 38 18 80 	72 3 33 88 36 	31 71 3 76 61 	14 31 68 39 24 	37 20 80 32 18 	14 88 26 35 59 	5 2 63 76 67 	47 58 61 35 82 	42 73 58 76 36 	86 85 77 50 10 	48 10 45 34 80 	
136	13/11/2014	89 40 12 69 79 	1 58 4 48 7 	50 8 90 56 89 	16 51 17 28 62 	81 7 83 35 74 	12 87 13 5 32 	25 48 42 86 80 	79 36 84 40 81 	49 69 86 35 60 	73 28 75 6 41 	5 87 69 40 73 	
135	11/11/2014	37 88 10 39 23 	36 69 82 85 25 	15 48 13 32 81 	3 78 49 77 74 	58 74 83 52 26 	67 38 37 76 5 	52 36 60 16 46 	51 1 32 88 39 	49 3 10 52 16 	54 41 86 66 88 	13 47 80 20 3 	
134	08/11/2014	34 52 36 83 5 	39 56 73 65 52 	11 45 41 54 69 	9 72 73 43 65 	26 47 62 39 82 	10 7 52 12 50 	9 52 17 4 24 	64 90 56 54 63 	87 27 2 54 57 	67 69 25 87 29 	25 69 70 37 72 	
133	06/11/2014	30 76 68 60 40 	34 3 59 16 54 	59 30 79 29 36 	35 23 14 34 82 	29 62 27 24 70 	30 66 72 81 82 	33 64 42 23 60 	45 89 83 68 31 	6 46 58 22 65 	79 63 60 24 35 	37 85 79 71 25 	
132	04/11/2014	5 2 49 35 39 	33 90 66 29 48 	69 76 53 84 7 	36 81 68 19 30 	65 9 84 63 71 	42 89 56 53 1 	78 65 82 32 44 	62 10 66 90 70 	81 46 39 47 20 	49 89 77 87 21 	86 85 78 25 30 	
131	03/11/2014	2 38 10 8 81 	61 72 2 80 81 	49 34 32 66 85 	40 7 32 16 20 	72 73 30 51 28 	72 79 82 4 1 	29 64 14 86 85 	54 63 56 7 47 	83 41 50 14 69 	29 14 45 60 47 	34 31 89 14 53 	
130	30/10/2014	30 47 48 35 1 	73 47 6 37 72 	53 6 52 36 79 	80 81 41 62 73 	8 3 13 33 18 	38 36 62 12 80 	38 45 36 29 9 	31 80 73 69 30 	73 45 58 47 87 	4 80 42 37 15 	72 38 39 69 18 	
129	28/10/2014	62 16 58 64 43 	84 69 8 40 11 	44 82 50 4 81 	64 18 57 45 22 	77 53 60 83 58 	6 15 59 74 32 	14 78 89 42 79 	63 74 39 89 81 	65 80 43 26 62 	42 10 28 31 13 	30 22 6 88 38 	
128	25/10/2014	16 10 52 12 26 	38 1 80 79 25 	81 42 86 85 17 	22 75 5 54 31 	16 89 48 22 26 	60 11 49 5 69 	40 89 10 64 49 	27 64 33 32 85 	43 90 55 9 72 	31 57 23 10 73 	86 7 31 28 60 	
127	23/10/2014	75 73 9 4 28 	35 6 60 53 28 	42 37 15 68 55 	49 76 38 81 27 	15 82 30 6 81 	35 86 50 63 39 	48 69 77 61 18 	26 72 46 43 53 	17 51 27 86 63 	39 19 68 71 47 	50 49 32 2 27 	
126	21/10/2014	66 5 30 82 74 	85 48 29 9 11 	69 21 77 56 84 	53 72 87 82 2 	26 11 15 42 14 	83 79 52 57 1 	52 9 87 56 83 	81 30 8 27 6 	87 89 6 69 51 	33 53 61 2 69 	16 17 6 30 82 	
125	18/10/2014	63 67 48 39 14 	4 76 79 44 75 	8 32 2 9 53 	78 11 61 37 60 	34 70 40 55 78 	83 65 23 75 33 	32 76 80 52 21 	11 63 17 90 19 	43 86 7 65 23 	36 53 20 17 61 	9 30 18 51 12 	
124	16/10/2014	22 67 63 1 73 	63 58 80 50 25 	65 83 87 57 69 	21 78 48 33 72 	75 69 80 25 68 	89 27 6 86 8 	76 58 37 68 90 	3 57 47 22 14 	78 40 53 25 56 	78 14 57 81 3 	14 50 78 59 80 	
123	14/10/2014	41 13 64 47 73 	18 32 2 12 46 	83 73 47 38 29 	25 67 8 65 2 	12 6 38 76 24 	69 37 16 14 44 	59 19 38 28 12 	46 39 79 63 88 	43 18 53 58 26 	74 88 1 64 35 	20 23 32 58 3 	
122	11/10/2014	79 32 52 60 87 	76 33 2 51 13 	51 44 60 90 78 	31 29 67 68 46 	64 80 18 2 57 	72 14 80 34 45 	5 56 15 21 88 	52 8 54 78 7 	34 4 11 80 40 	31 44 59 70 63 	13 52 5 62 18 	
121	09/10/2014	48 42 16 19 59 	80 70 83 75 23 	77 72 45 38 81 	80 90 10 49 71 	72 86 53 41 16 	87 15 82 58 63 	28 30 70 22 26 	79 66 50 55 89 	29 19 72 18 24 	38 90 80 50 82 	29 55 73 10 28 	
120	07/10/2014	18 87 45 15 79 	21 64 22 28 78 	12 48 88 13 73 	19 80 11 37 25 	80 1 61 16 55 	71 7 46 18 3 	57 55 49 36 67 	70 83 56 38 53 	85 8 59 2 69 	69 43 79 45 41 	10 85 47 25 11 	
119	04/10/2014	53 75 11 64 39 	21 83 67 65 50 	29 76 14 10 36 	12 17 62 15 36 	62 41 6 39 52 	60 64 36 23 65 	82 5 31 18 24 	12 2 38 58 62 	86 29 82 47 48 	27 70 31 9 57 	81 5 9 78 31 	
118	02/10/2014	33 83 37 65 9 	44 62 87 51 88 	70 56 76 52 69 	31 14 25 28 83 	27 11 82 7 33 	51 86 22 14 40 	36 2 38 77 81 	37 24 9 18 42 	1 47 52 65 33 	21 53 47 32 81 	72 25 18 15 33 	
117	30/09/2014	27 84 70 67 38 	51 71 83 35 30 	24 45 73 64 1 	74 12 80 40 2 	3 35 84 62 12 	61 31 1 2 62 	9 15 57 47 77 	61 19 12 90 84 	1 47 59 9 13 	35 34 68 86 11 	2 18 37 11 57 	
116	27/09/2014	85 33 76 21 10 	89 16 49 88 39 	30 52 40 65 61 	63 31 85 33 47 	57 72 38 5 88 	8 34 64 20 30 	77 29 12 18 74 	76 10 27 65 61 	86 76 29 64 90 	3 30 26 35 10 	35 68 67 58 74 	
115	25/09/2014	22 77 12 78 55 	33 53 16 54 27 	28 81 38 33 50 	88 10 77 34 16 	60 75 42 74 81 	25 39 75 19 6 	65 11 85 69 48 	23 42 62 9 15 	64 61 84 32 3 	89 44 30 86 70 	83 13 66 47 42 	
114	23/09/2014	24 26 54 17 69 	18 31 71 60 62 	71 59 78 40 56 	62 78 66 81 8 	69 5 24 11 41 	45 55 64 53 1 	83 31 80 89 73 	38 52 72 2 90 	4 8 16 78 85 	57 69 78 14 70 	68 62 48 11 65 	
113	20/09/2014	62 71 25 78 59 	90 89 11 39 20 	39 47 70 10 18 	68 80 76 15 56 	6 13 84 12 31 	88 38 45 40 35 	35 26 78 24 39 	8 24 82 3 65 	68 54 26 67 48 	78 73 48 3 79 	5 17 57 39 50 	
112	18/09/2014	1 17 67 68 61 	87 78 29 47 11 	85 53 68 52 16 	59 81 14 53 38 	37 9 53 80 90 	17 45 20 1 82 	37 66 73 1 61 	81 39 65 55 34 	26 52 49 37 19 	18 89 21 90 79 	14 41 27 83 22 	
111	16/09/2014	76 28 13 81 48 	52 85 30 40 4 	17 51 6 74 22 	19 6 3 76 35 	6 2 7 57 36 	22 52 1 84 43 	76 42 2 85 3 	59 32 6 45 12 	60 85 83 62 55 	51 34 28 27 24 	27 13 31 9 74 	
110	13/09/2014	26 34 5 40 8 	22 85 65 81 47 	76 59 30 73 64 	67 31 39 63 45 	33 17 77 9 45 	60 47 52 40 45 	11 86 54 39 49 	2 89 26 42 41 	50 37 36 35 22 	19 85 61 48 88 	50 67 7 32 55 	
109	11/09/2014	88 48 69 32 58 	30 41 21 39 17 	5 49 48 31 82 	84 30 27 7 56 	61 14 4 16 90 	16 28 43 81 76 	67 34 46 5 22 	8 21 54 7 19 	6 17 30 60 25 	71 55 74 9 8 	54 17 58 78 15 	
108	09/09/2014	29 86 21 28 5 	55 52 16 47 36 	12 76 87 61 33 	71 34 17 16 63 	4 79 39 75 43 	13 48 35 82 86 	34 61 3 46 20 	22 44 40 51 16 	21 50 11 60 87 	7 48 86 30 12 	71 64 48 51 31 	
107	06/09/2014	73 7 36 35 22 	11 85 55 70 72 	3 14 29 36 90 	71 85 80 26 51 	83 31 40 38 24 	73 36 22 49 78 	48 53 25 54 89 	28 40 41 78 5 	26 35 86 17 79 	9 12 53 8 68 	35 13 24 86 3 	
106	04/09/2014	56 59 10 69 61 	10 83 7 21 2 	77 86 34 58 19 	81 63 57 24 65 	35 48 57 43 25 	12 9 13 42 15 	78 61 56 58 28 	65 41 83 37 58 	89 22 76 33 4 	20 24 88 73 79 	24 71 8 69 55 	
105	02/09/2014	72 81 35 85 71 	20 30 21 18 10 	62 47 21 13 85 	44 73 34 58 69 	21 65 5 66 33 	71 8 3 79 49 	63 24 10 21 17 	82 75 24 32 67 	80 83 51 38 76 	42 63 77 33 12 	65 29 49 27 16 	
104	30/08/2014	25 23 50 68 70 	75 74 65 6 40 	83 43 87 7 10 	81 20 10 11 59 	70 24 40 2 19 	15 36 27 33 56 	77 76 20 36 40 	22 62 71 9 88 	8 65 33 70 1 	78 72 25 75 17 	23 34 66 5 35 	
103	28/08/2014	26 59 76 51 19 	29 32 63 18 88 	67 46 48 12 78 	72 48 12 15 53 	62 1 72 20 84 	6 72 5 83 73 	36 76 19 88 30 	78 34 7 9 2 	34 16 9 67 4 	42 33 76 35 8 	42 53 67 6 47 	
102	26/08/2014	82 15 56 48 47 	26 52 40 83 75 	44 69 13 49 75 	33 40 21 75 2 	21 83 56 35 49 	62 3 66 24 23 	46 24 60 33 59 	8 49 18 4 11 	77 22 43 34 42 	51 23 70 32 56 	66 57 70 22 43 	
101	23/08/2014	52 43 16 38 24 	7 15 66 43 90 	2 82 52 76 88 	73 63 60 90 89 	48 1 50 64 40 	47 77 41 57 55 	87 55 27 70 36 	85 73 66 28 12 	10 23 26 13 5 	6 63 39 80 27 	84 54 90 21 68 	
100	21/08/2014	53 61 7 62 83 	12 36 43 48 87 	76 10 50 48 30 	77 34 37 6 48 	11 20 55 23 22 	8 15 20 27 43 	51 6 76 17 5 	54 10 33 1 52 	19 57 31 32 90 	17 7 90 48 72 	60 21 20 25 80 	
99	19/08/2014	70 69 83 47 32 	19 68 6 33 81 	77 38 90 4 31 	40 5 47 64 52 	34 61 67 85 11 	14 52 74 1 43 	13 67 33 38 77 	89 62 38 35 33 	53 35 50 10 56 	89 51 13 37 82 	49 86 29 77 22 	
98	16/08/2014	15 77 31 4 73 	60 32 57 66 21 	59 55 34 64 25 	47 63 37 1 28 	22 26 7 29 36 	15 84 43 82 22 	40 90 41 26 72 	11 18 31 27 43 	85 64 87 62 89 	39 43 58 73 68 	43 80 51 23 70 	
97	14/08/2014	58 20 22 76 11 	46 15 69 82 36 	40 59 3 54 45 	1 55 68 53 67 	46 49 9 90 30 	13 19 70 86 81 	34 32 8 56 89 	17 80 67 69 1 	67 30 28 32 65 	25 49 31 6 46 	18 37 63 8 68 	
96	12/08/2014	21 16 72 2 44 	50 1 63 74 88 	76 45 84 4 81 	18 2 9 44 21 	68 29 8 15 65 	17 87 18 34 58 	23 73 72 67 17 	29 63 45 25 4 	89 28 84 64 82 	30 38 79 13 68 	19 51 81 58 36 	
95	09/08/2014	15 81 8 29 64 	16 37 89 39 72 	29 40 74 23 71 	28 86 80 50 44 	39 74 41 36 27 	40 68 28 67 79 	36 68 33 12 86 	80 57 19 85 10 	62 76 61 16 9 	28 57 73 10 40 	63 26 35 13 31 	
94	07/08/2014	19 67 85 40 44 	70 68 28 64 54 	90 10 13 6 28 	18 17 86 37 25 	48 90 68 50 19 	53 34 66 14 87 	23 59 43 9 52 	52 53 61 42 50 	59 86 60 76 64 	43 13 15 65 9 	12 54 47 82 37 	
93	05/08/2014	50 42 54 38 73 	38 64 21 62 84 	2 79 61 31 62 	76 62 47 60 31 	29 45 13 10 78 	12 51 57 45 71 	17 6 76 83 45 	21 55 13 71 72 	7 20 80 33 11 	2 62 50 69 47 	62 48 11 4 36 	
92	02/08/2014	37 40 29 27 81 	50 40 88 49 37 	29 22 46 56 15 	56 20 81 86 51 	64 83 8 86 13 	43 61 49 67 63 	30 13 34 31 72 	89 24 49 70 80 	3 10 24 71 89 	22 59 70 87 52 	81 21 83 89 52 	
91	31/07/2014	75 39 11 74 89 	85 36 57 70 41 	69 41 68 11 9 	14 40 83 81 55 	72 45 63 31 52 	66 57 9 27 84 	13 23 52 3 36 	53 1 34 44 29 	11 19 59 76 34 	73 89 58 31 12 	61 31 3 52 25 	
90	29/07/2014	1 34 19 82 66 	68 27 9 11 31 	3 78 33 90 64 	30 83 39 68 81 	53 59 65 10 54 	36 77 22 87 9 	19 21 6 72 10 	8 75 90 63 33 	53 24 10 71 39 	47 68 88 74 34 	8 18 27 81 43 	
89	26/07/2014	83 50 37 41 11 	70 63 72 13 21 	19 11 36 20 42 	34 63 69 66 67 	21 52 49 69 53 	69 2 19 63 26 	32 2 11 29 33 	50 71 48 75 83 	17 6 20 29 21 	86 81 71 82 20 	36 49 87 76 15 	
88	24/07/2014	82 10 13 3 57 	7 1 25 23 38 	64 51 31 23 57 	17 53 34 87 69 	61 19 62 13 59 	90 9 71 33 74 	40 85 14 35 61 	26 79 19 30 86 	14 75 37 87 59 	51 59 34 47 41 	55 3 40 29 61 	
87	22/07/2014	38 26 80 50 87 	48 37 75 10 28 	71 35 5 9 61 	26 51 18 19 46 	55 77 41 60 69 	60 6 77 43 57 	1 27 66 75 49 	89 70 22 68 5 	49 36 80 6 90 	14 67 9 39 65 	37 17 76 35 5 	
86	19/07/2014	49 45 9 16 62 	63 78 23 53 37 	47 66 1 73 28 	63 39 57 62 46 	77 11 89 32 80 	18 37 63 7 53 	78 26 50 23 74 	40 63 39 48 9 	7 73 51 54 45 	14 50 10 35 49 	12 9 57 21 54 	
85	17/07/2014	83 36 77 59 65 	51 24 18 16 13 	31 69 62 73 45 	35 27 23 43 42 	44 14 77 20 29 	85 31 10 32 64 	12 69 3 79 11 	1 69 52 26 81 	82 45 69 52 11 	10 45 89 80 83 	38 43 70 18 20 	
84	15/07/2014	79 44 15 82 39 	44 18 45 48 3 	77 46 60 59 55 	4 71 66 29 85 	78 53 55 40 35 	3 31 49 34 81 	79 26 12 13 43 	34 20 52 35 41 	26 30 85 60 41 	56 35 37 33 67 	76 35 37 80 45 	
83	12/07/2014	75 55 73 21 37 	15 83 46 51 4 	45 30 27 33 29 	80 74 27 51 77 	30 14 22 20 72 	17 87 39 85 21 	7 85 83 68 20 	49 80 26 47 65 	46 64 9 27 55 	8 66 84 17 4 	46 32 20 74 9 	
82	10/07/2014	4 24 75 25 18 	16 46 76 49 57 	47 24 79 8 71 	15 37 85 11 67 	89 4 27 47 41 	32 7 80 86 50 	28 73 52 69 33 	41 12 52 43 18 	82 38 31 86 21 	7 17 32 54 90 	62 61 86 8 6 	
81	08/07/2014	33 47 59 28 46 	7 66 3 58 84 	62 45 90 84 27 	46 30 10 43 70 	41 2 82 57 73 	54 67 16 80 74 	36 57 29 45 76 	8 2 61 55 27 	79 39 43 4 69 	86 75 80 14 23 	89 65 13 19 63 	
80	05/07/2014	31 15 41 11 48 	28 62 90 22 15 	45 46 8 82 35 	5 70 77 39 16 	4 86 84 53 31 	43 76 10 22 7 	61 63 8 42 50 	50 13 58 57 73 	51 9 37 30 67 	29 16 1 49 48 	66 2 89 85 6 	
79	03/07/2014	38 33 52 26 60 	69 81 52 27 49 	8 27 90 10 71 	34 53 45 8 59 	19 23 36 75 87 	79 65 84 38 57 	82 33 73 69 42 	90 36 6 13 30 	23 24 45 76 74 	79 58 10 74 70 	19 44 53 63 48 	
78	01/07/2014	86 35 29 70 22 	72 67 32 8 20 	84 53 37 65 49 	68 38 11 58 23 	78 42 56 40 62 	65 49 48 28 89 	34 46 84 89 14 	37 14 86 58 18 	66 75 14 56 13 	61 68 46 11 82 	11 16 28 70 2 	
77	28/06/2014	45 65 78 13 69 	61 42 28 8 69 	22 20 47 17 12 	31 18 3 19 53 	67 17 18 64 3 	39 75 6 65 22 	22 89 29 90 71 	58 72 42 1 61 	68 69 49 25 53 	27 46 30 23 28 	52 70 65 68 7 	
76	26/06/2014	74 26 63 56 23 	51 3 1 25 54 	56 51 25 33 37 	40 25 52 11 9 	14 54 73 75 16 	86 82 88 42 78 	85 31 46 88 33 	86 25 23 27 44 	7 25 90 10 85 	5 65 71 36 30 	16 5 31 57 19 	
75	24/06/2014	75 65 2 12 77 	23 65 83 30 28 	73 70 80 45 71 	12 3 70 78 43 	26 9 11 12 13 	1 50 72 55 6 	43 66 52 70 47 	48 89 75 32 69 	88 76 33 67 21 	67 8 30 12 1 	59 66 39 58 67 	
74	21/06/2014	24 84 28 79 73 	67 87 61 39 40 	24 58 80 86 89 	76 50 72 24 47 	70 77 24 89 28 	32 50 1 10 60 	88 56 1 50 70 	25 3 85 20 4 	29 90 62 56 68 	74 42 10 2 62 	7 46 65 69 80 	
73	19/06/2014	47 42 56 45 54 	39 50 55 53 63 	88 38 20 33 49 	48 40 26 29 77 	55 67 60 69 35 	78 34 84 79 4 	8 28 72 52 2 	26 7 81 52 37 	4 12 23 38 14 	82 88 28 84 23 	49 14 43 29 85 	
72	17/06/2014	84 52 40 64 61 	16 50 38 45 18 	73 81 25 49 34 	18 3 13 89 7 	59 51 90 63 66 	49 36 58 31 41 	12 80 67 83 7 	22 52 26 19 37 	60 71 5 37 70 	31 53 66 71 19 	78 39 76 50 52 	
71	14/06/2014	43 42 59 45 73 	41 54 22 26 45 	62 40 49 86 69 	54 33 53 40 68 	27 30 64 25 89 	13 85 50 20 4 	81 41 80 42 16 	64 22 4 75 32 	64 79 23 53 4 	45 71 13 56 17 	80 50 84 42 33 	
70	12/06/2014	2 29 51 41 45 	52 50 32 8 43 	36 87 80 8 29 	90 75 80 60 57 	89 84 39 7 20 	80 15 30 78 49 	89 4 82 64 44 	32 9 19 53 67 	61 74 57 83 70 	83 86 9 49 36 	6 18 38 73 44 	
69	10/06/2014	50 21 19 2 54 	62 25 34 72 47 	57 17 63 60 13 	88 3 84 10 26 	35 80 31 10 89 	59 31 51 80 33 	24 3 43 20 31 	53 87 22 8 6 	64 43 52 44 74 	48 65 82 80 27 	53 45 65 90 24 	
68	07/06/2014	9 48 41 26 46 	32 43 81 31 59 	69 70 89 14 28 	80 20 35 79 81 	24 2 84 45 8 	9 79 10 1 88 	47 27 26 80 57 	10 15 17 23 73 	56 63 73 59 62 	40 33 50 53 75 	67 25 22 19 33 	
67	05/06/2014	20 48 81 23 14 	56 12 28 63 29 	55 8 25 62 72 	65 41 85 15 82 	11 9 32 4 39 	77 83 45 51 2 	3 34 21 13 27 	68 88 42 57 9 	73 19 42 34 15 	18 10 77 11 90 	63 25 87 22 33 	
66	03/06/2014	37 29 28 76 72 	39 79 43 30 47 	74 73 87 90 36 	72 34 67 26 86 	21 70 39 15 66 	60 11 70 47 29 	9 6 2 18 13 	36 51 70 87 88 	10 39 87 40 2 	22 55 24 90 23 	6 84 42 35 50 	
65	31/05/2014	28 15 61 18 29 	76 38 78 70 55 	14 43 72 7 2 	6 69 36 40 49 	67 49 79 69 75 	87 52 83 19 31 	86 66 83 27 26 	68 34 1 59 3 	17 5 81 37 63 	32 8 7 22 19 	86 60 20 61 31 	
64	29/05/2014	82 52 65 4 75 	29 50 65 61 36 	89 71 45 16 66 	50 39 71 75 22 	5 60 81 18 43 	63 13 44 90 80 	8 11 12 62 3 	61 43 76 13 24 	50 75 74 63 43 	84 67 51 7 80 	87 37 56 5 79 	
63	27/05/2014	23 21 27 64 45 	55 83 86 71 32 	55 14 11 74 53 	46 47 69 64 26 	87 81 19 10 59 	8 60 2 56 58 	44 48 38 65 69 	73 88 44 71 2 	84 30 11 41 77 	32 63 24 28 70 	3 75 46 53 79 	
62	24/05/2014	75 1 12 34 83 	28 38 66 83 89 	18 59 43 76 34 	47 86 79 85 74 	62 65 63 84 71 	79 56 26 51 34 	29 51 47 89 1 	43 8 89 9 58 	40 59 38 4 55 	37 78 38 12 15 	22 76 48 87 9 	
61	22/05/2014	41 60 12 5 16 	69 70 52 57 7 	14 84 90 72 69 	53 6 74 89 90 	62 67 3 10 28 	36 41 11 88 37 	4 2 36 7 80 	32 43 54 51 66 	49 58 75 80 65 	23 30 2 41 52 	27 5 46 57 26 	
60	20/05/2014	54 44 33 59 86 	37 83 76 59 56 	73 15 29 82 3 	37 32 71 5 58 	58 47 65 61 39 	25 26 73 50 41 	38 10 69 25 79 	20 59 57 8 15 	19 8 24 46 15 	82 42 69 7 32 	41 26 9 90 80 	
59	17/05/2014	51 3 8 68 77 	36 18 44 31 84 	77 63 44 45 6 	70 6 55 20 88 	60 39 36 86 59 	18 77 54 73 29 	4 76 50 54 60 	13 80 58 46 78 	48 37 63 7 24 	77 9 89 55 44 	23 43 67 61 24 	
58	15/05/2014	54 33 25 10 6 	60 52 85 63 81 	58 76 80 68 6 	26 2 77 10 30 	21 71 38 90 80 	84 37 78 24 75 	23 59 73 42 27 	35 2 67 46 29 	1 33 60 69 2 	47 7 31 90 67 	13 40 2 39 12 	
57	13/05/2014	57 60 34 90 70 	59 84 20 60 28 	75 3 64 49 60 	86 72 40 55 53 	10 57 87 34 52 	7 52 76 55 46 	30 39 78 37 76 	71 41 80 18 64 	12 43 82 45 8 	83 13 28 42 3 	88 15 6 53 16 	
56	10/05/2014	15 78 82 87 81 	23 2 65 16 20 	75 76 37 16 22 	39 81 48 14 80 	82 23 7 64 68 	56 63 32 29 80 	24 86 32 90 39 	30 9 37 69 77 	39 80 4 9 7 	57 49 17 69 44 	70 67 15 87 38 	
55	08/05/2014	59 82 33 90 44 	1 6 56 85 16 	30 57 23 11 4 	48 33 27 23 4 	70 15 11 73 69 	86 12 58 87 18 	12 81 72 89 73 	88 1 10 46 49 	28 36 84 11 25 	1 17 28 67 23 	16 14 88 55 46 	
54	06/05/2014	81 43 31 90 56 	35 47 31 67 74 	4 64 56 32 16 	52 17 13 38 89 	35 3 34 16 28 	69 25 70 37 59 	80 86 19 78 50 	9 2 85 24 44 	2 14 51 66 3 	85 12 22 6 29 	6 89 28 85 75 	
53	03/05/2014	33 77 83 30 56 	29 56 70 73 35 	39 74 29 26 10 	45 37 2 31 51 	82 8 15 61 70 	74 68 64 45 81 	19 60 82 31 12 	70 14 15 30 35 	86 39 52 32 38 	11 21 58 16 17 	77 22 13 58 45 	
52	02/05/2014	6 22 65 77 51 	2 62 28 3 48 	6 49 13 50 11 	71 31 87 43 62 	58 68 75 8 73 	89 80 32 4 47 	3 26 13 11 34 	85 39 1 29 69 	44 73 62 34 25 	77 74 39 12 78 	77 10 19 46 37 	
51	29/04/2014	89 65 72 43 22 	1 5 17 74 78 	2 78 76 21 11 	58 15 34 21 78 	34 20 89 5 61 	34 70 26 77 47 	24 79 26 56 16 	3 82 11 7 22 	77 60 68 79 58 	82 81 27 9 39 	1 6 22 89 70 	
50	26/04/2014	51 24 89 3 86 	44 52 85 30 19 	72 18 67 84 53 	62 5 42 52 83 	28 42 21 84 58 	4 80 81 36 18 	86 13 42 88 40 	26 3 18 22 20 	30 35 10 38 60 	59 85 37 73 72 	58 37 12 23 50 	
49	24/04/2014	7 43 66 23 77 	79 19 46 36 51 	80 4 30 21 66 	71 37 84 6 59 	53 44 10 27 34 	49 12 19 53 74 	13 15 62 80 20 	5 36 72 24 67 	21 38 5 35 33 	90 39 51 52 13 	21 8 69 33 65 	
48	22/04/2014	43 78 81 3 90 	39 84 68 5 19 	67 17 1 31 2 	81 56 86 12 5 	54 48 10 5 47 	14 62 11 56 58 	70 12 22 25 18 	49 41 14 35 61 	37 89 83 56 61 	24 86 36 30 46 	45 85 56 39 31 	
47	19/04/2014	63 61 82 20 52 	3 46 13 51 62 	44 16 56 25 6 	34 49 84 18 43 	42 90 59 86 54 	54 31 85 12 35 	39 74 70 34 54 	69 3 5 72 53 	49 10 73 57 24 	71 49 5 16 70 	50 89 45 73 8 	
46	17/04/2014	21 74 23 68 22 	83 1 62 2 8 	90 49 3 74 48 	16 44 81 76 83 	47 90 13 53 50 	35 73 25 55 87 	8 65 58 53 6 	89 50 22 47 4 	47 64 65 67 12 	75 62 86 82 59 	49 58 63 8 24 	
45	15/04/2014	52 53 40 15 83 	77 82 51 7 30 	64 17 60 85 42 	7 89 20 2 63 	77 21 70 49 89 	72 54 25 67 53 	38 33 10 47 68 	73 79 10 70 37 	86 16 68 72 69 	90 59 88 12 57 	84 15 9 44 76 	
44	12/04/2014	48 69 70 71 23 	88 34 51 62 16 	64 3 25 43 74 	9 35 82 77 75 	9 58 56 41 71 	36 29 49 42 74 	60 22 35 9 61 	22 26 69 38 30 	34 90 21 78 1 	48 63 75 32 25 	82 66 87 89 29 	
43	10/04/2014	46 76 80 17 78 	73 24 5 35 59 	27 53 50 41 24 	28 47 44 13 81 	46 85 22 15 70 	17 85 23 22 18 	62 57 17 79 9 	34 67 29 75 36 	81 36 21 8 60 	1 9 68 82 53 	4 78 25 52 26 	
42	08/04/2014	51 21 68 46 81 	47 84 6 51 1 	68 67 70 27 83 	78 22 18 58 73 	90 44 13 54 17 	68 5 61 67 14 	65 3 28 51 16 	26 64 74 42 59 	73 32 2 69 39 	16 68 24 25 20 	58 90 62 56 39 	
41	05/04/2014	53 57 70 74 55 	14 85 28 33 27 	75 21 63 40 16 	52 82 13 4 81 	79 84 26 34 60 	72 21 43 3 8 	11 79 48 26 28 	5 72 28 32 21 	19 9 42 31 82 	50 51 37 6 89 	40 43 66 59 19 	
40	03/04/2014	16 27 22 58 35 	69 2 9 27 6 	84 61 75 6 51 	21 8 18 69 65 	18 23 25 51 74 	60 50 68 44 54 	74 16 63 85 49 	37 4 6 49 66 	12 61 43 88 85 	59 31 87 85 26 	11 89 9 61 79 	
39	01/04/2014	80 1 8 59 89 	74 12 7 75 51 	16 9 18 13 35 	39 62 47 70 21 	89 71 24 57 42 	41 32 13 20 29 	89 37 72 29 25 	89 22 62 17 20 	50 56 48 81 46 	37 30 54 90 80 	4 70 30 43 40 	
38	29/03/2014	23 2 34 65 12 	3 8 88 48 36 	44 77 9 38 8 	43 53 16 82 64 	78 20 35 30 44 	39 36 50 75 51 	90 2 53 57 7 	66 52 1 8 49 	87 45 76 28 38 	8 84 10 87 43 	62 40 4 50 67 	
37	27/03/2014	39 45 58 79 31 	24 50 36 13 84 	53 35 34 49 28 	39 88 14 31 85 	86 90 89 28 14 	46 25 73 6 76 	22 1 34 82 71 	25 62 5 90 13 	7 87 61 48 81 	62 10 52 79 8 	63 84 29 61 54 	
36	25/03/2014	3 20 10 27 13 	85 72 48 15 35 	74 16 59 57 20 	16 40 15 59 2 	70 66 32 23 81 	18 44 86 53 82 	68 39 80 54 41 	11 51 49 79 40 	88 32 3 73 2 	82 83 56 65 7 	59 30 34 37 75 	
35	22/03/2014	81 89 39 31 35 	22 61 1 24 10 	35 59 87 6 50 	26 71 54 69 89 	78 71 68 80 73 	47 48 39 7 45 	41 77 67 82 34 	17 38 40 14 31 	72 71 80 49 10 	54 59 51 10 64 	85 11 23 33 2 	
34	20/03/2014	12 2 76 86 9 	47 74 45 31 88 	29 74 16 24 2 	7 50 52 89 47 	85 55 4 48 76 	76 41 1 82 69 	78 56 38 36 90 	38 74 90 55 15 	42 19 60 68 25 	19 79 25 44 41 	50 14 36 47 56 	
33	18/03/2014	46 4 27 34 62 	24 64 67 31 53 	49 10 8 82 81 	83 87 18 12 42 	49 6 69 2 24 	5 38 37 39 49 	18 20 6 72 24 	61 30 4 83 47 	71 11 46 49 12 	56 4 52 61 5 	32 65 89 49 80 	
32	15/03/2014	78 55 24 37 27 	37 84 41 45 53 	63 29 74 40 46 	46 1 68 84 80 	22 54 41 28 53 	80 64 13 33 70 	59 87 77 3 42 	53 16 11 3 67 	11 14 90 49 60 	63 90 43 1 67 	76 84 33 40 19 	
31	13/03/2014	69 7 8 4 75 	59 56 3 70 18 	5 37 35 72 44 	67 58 46 87 21 	25 65 35 4 89 	23 35 6 81 79 	80 45 43 19 2 	56 50 35 49 77 	12 55 24 57 10 	38 22 39 75 30 	1 11 45 34 59 	
30	11/03/2014	40 20 72 30 19 	65 79 12 9 89 	57 68 35 4 80 	28 83 9 11 7 	2 5 86 62 10 	36 53 68 60 30 	41 34 31 68 54 	5 11 28 16 61 	89 71 31 90 26 	44 30 41 72 37 	29 46 51 31 37 	
29	08/03/2014	10 55 88 90 16 	45 66 52 17 47 	55 10 5 85 6 	11 6 65 9 8 	27 37 24 34 41 	79 34 77 87 11 	58 38 6 45 85 	55 87 56 28 83 	21 63 49 44 16 	23 80 38 72 10 	69 32 47 9 60 	
28	06/03/2014	11 57 62 42 52 	64 16 56 87 17 	29 77 58 67 76 	32 4 58 45 24 	45 21 52 65 56 	28 79 52 88 70 	41 34 65 38 24 	9 86 89 55 52 	43 78 30 83 17 	79 9 46 36 21 	31 66 2 72 54 	
27	04/03/2014	75 10 22 62 67 	33 37 21 7 34 	52 87 38 73 6 	28 12 46 74 89 	9 78 61 37 23 	8 55 65 60 28 	2 55 89 79 90 	59 34 68 62 16 	15 39 45 10 72 	26 88 10 4 53 	11 74 53 41 76 	
26	01/03/2014	36 78 39 21 79 	60 83 53 56 59 	21 2 5 90 61 	52 13 38 58 85 	27 69 19 32 5 	89 27 42 51 84 	81 15 9 25 36 	7 89 41 75 27 	54 63 29 2 43 	45 87 31 18 49 	67 75 1 82 63 	
25	27/02/2014	68 65 40 43 14 	33 75 27 34 2 	38 52 40 89 78 	4 67 84 81 51 	66 90 76 47 20 	78 15 54 25 33 	31 21 43 65 72 	32 33 44 10 73 	60 45 81 61 65 	86 65 20 62 18 	29 6 64 46 36 	
24	25/02/2014	3 26 47 86 77 	26 74 17 67 86 	27 23 46 16 2 	47 61 46 39 12 	89 53 63 8 80 	68 12 75 38 4 	54 13 83 76 85 	37 40 20 69 80 	58 26 67 63 39 	67 46 66 58 59 	61 75 21 43 39 	
23	22/02/2014	45 32 37 34 62 	5 78 77 11 14 	39 61 38 57 58 	66 21 72 48 5 	5 78 53 3 40 	48 63 21 50 3 	50 75 24 67 22 	1 4 71 2 24 	70 59 41 69 50 	61 16 82 2 58 	46 24 10 25 73 	
22	20/02/2014	78 18 23 60 4 	8 71 27 75 12 	31 50 43 17 63 	68 79 70 67 29 	80 56 72 13 4 	55 88 79 28 34 	53 82 25 7 45 	69 16 54 81 18 	89 43 84 42 73 	34 54 78 33 49 	5 86 21 38 60 	
21	18/02/2014	49 62 7 60 61 	63 53 74 88 22 	69 25 2 43 61 	64 86 19 51 17 	52 60 82 63 12 	27 57 75 8 62 	50 26 6 70 80 	72 31 86 27 43 	40 9 72 51 62 	71 87 6 51 31 	22 13 9 62 68 	
20	15/02/2014	65 3 13 38 66 	78 22 5 49 28 	37 66 84 68 76 	75 6 66 48 30 	15 81 33 39 11 	30 44 76 61 38 	35 29 87 68 45 	1 88 13 42 54 	55 74 70 84 29 	40 41 73 54 25 	76 6 80 33 25 	
19	13/02/2014	40 47 62 74 48 	53 51 29 70 68 	30 54 16 40 2 	68 47 44 86 48 	77 22 36 42 85 	52 30 50 68 88 	35 8 24 49 79 	16 87 53 28 55 	88 53 6 2 77 	86 41 15 11 85 	27 74 87 50 24 	
18	11/02/2014	90 1 68 59 15 	79 11 12 36 64 	30 52 9 71 53 	68 16 55 77 49 	65 63 17 78 40 	36 16 59 52 13 	38 78 19 39 9 	11 73 20 45 72 	75 45 41 79 18 	46 27 42 25 4 	38 1 7 81 4 	
17	08/02/2014	38 83 84 46 57 	54 52 25 69 68 	89 27 77 15 36 	89 60 68 24 62 	53 71 56 20 12 	82 76 86 24 22 	78 79 30 39 16 	41 42 26 68 78 	51 25 9 60 29 	24 13 7 36 51 	9 90 89 77 25 	
16	06/02/2014	89 68 56 3 53 	64 76 60 10 36 	35 13 3 57 90 	81 39 28 12 13 	65 55 58 21 54 	80 65 42 3 52 	38 40 13 24 18 	2 7 22 44 82 	18 24 21 38 8 	21 41 63 54 37 	34 71 57 73 79 	
15	04/02/2014	12 42 90 32 58 	74 20 64 82 14 	24 30 15 29 11 	41 29 20 35 4 	9 64 46 1 52 	30 40 8 4 50 	80 57 29 48 41 	84 51 69 46 10 	33 82 56 54 84 	84 61 3 82 62 	42 19 78 55 2 	
14	01/02/2014	87 27 5 84 18 	29 34 17 10 83 	88 80 74 20 38 	6 11 52 2 29 	20 82 33 34 75 	35 13 25 74 39 	60 43 1 27 46 	2 52 4 34 76 	67 8 32 11 41 	25 44 69 80 67 	27 24 13 37 74 	
13	30/01/2014	84 66 88 27 17 	19 78 18 27 53 	33 30 29 50 37 	26 61 58 10 78 	80 74 84 68 82 	50 4 70 22 40 	34 57 86 66 55 	85 26 41 63 80 	42 12 58 53 33 	34 73 86 29 11 	9 63 83 89 53 	
12	28/01/2014	74 25 10 76 12 	46 16 50 39 81 	75 16 57 78 79 	9 13 8 62 5 	69 47 67 55 13 	47 63 42 76 67 	46 8 83 17 50 	38 5 76 30 61 	41 36 85 20 68 	82 72 2 36 81 	31 15 12 50 11 	
11	25/01/2014	76 66 14 68 63 	49 40 30 18 32 	42 52 4 14 65 	52 55 47 8 29 	77 59 62 76 16 	41 16 72 31 29 	44 87 48 57 15 	63 68 42 38 17 	24 22 67 75 61 	73 72 66 12 10 	65 17 56 57 81 	
10	23/01/2014	58 7 47 32 2 	72 63 58 20 43 	69 13 4 67 71 	20 44 56 66 89 	29 6 51 82 30 	44 63 6 35 10 	33 18 57 78 25 	45 31 8 62 61 	25 60 82 23 72 	45 52 87 32 5 	20 74 88 49 17 	
9	21/01/2014	75 68 4 10 88 	42 64 40 21 74 	21 85 71 89 39 	65 67 12 42 3 	10 8 48 59 38 	30 67 33 86 9 	57 40 21 62 81 	11 71 32 36 61 	16 41 40 2 51 	71 57 9 30 85 	60 80 37 13 11 	
8	18/01/2014	55 45 57 75 34 	55 48 33 39 11 	76 36 52 86 66 	23 5 57 89 82 	86 48 15 85 23 	45 7 43 90 69 	75 3 66 83 12 	62 18 88 70 25 	74 27 54 53 89 	52 55 48 65 36 	24 50 6 20 29 	
7	16/01/2014	6 15 85 65 24 	12 77 54 52 22 	73 34 46 79 25 	33 36 62 85 6 	44 85 87 36 59 	66 10 16 87 44 	21 16 89 40 3 	74 84 82 40 38 	82 79 31 72 64 	86 55 16 38 18 	62 75 56 18 32 	
6	14/01/2014	67 28 12 25 69 	66 43 87 34 5 	1 37 64 44 74 	10 37 43 34 70 	3 49 58 40 9 	35 75 16 50 41 	4 64 49 46 43 	31 33 43 52 55 	54 44 72 12 17 	75 86 80 42 13 	83 13 10 15 82 	
5	11/01/2014	55 90 77 73 20 	59 8 56 40 42 	35 48 41 14 25 	11 30 90 22 88 	48 57 62 8 50 	82 62 47 60 15 	19 59 72 6 84 	2 82 8 56 88 	38 55 62 13 86 	2 42 49 53 35 	69 89 4 40 25 	
4	09/01/2014	81 72 13 76 67 	72 12 39 53 42 	43 42 44 57 33 	48 66 25 42 72 	42 66 71 62 27 	80 38 29 28 87 	14 9 26 87 81 	47 8 71 35 60 	69 71 86 77 57 	86 55 37 8 27 	39 24 1 33 56 	
3	07/01/2014	39 77 19 37 76 	90 32 3 36 42 	46 16 3 71 76 	89 22 83 28 75 	37 54 23 72 29 	32 52 5 57 23 	60 65 76 71 79 	9 8 85 35 56 	72 76 83 31 36 	82 47 52 10 87 	66 59 76 6 57 	
2	04/01/2014	72 74 24 19 52 	63 77 69 64 81 	5 12 63 76 75 	58 59 46 54 10 	85 41 31 61 63 	14 20 6 59 11 	8 67 38 42 55 	20 41 19 56 90 	49 90 39 26 3 	41 88 31 66 36 	25 22 47 36 40 	
1	02/01/2014	16 15 40 34 24 	11 76 40 7 19 	45 42 40 21 69 	60 49 34 89 5 	66 56 29 89 10 	69 54 6 64 24 	73 25 67 16 46 	11 9 79 64 63 	46 33 60 87 26 	52 78 27 68 5 	80 1 27 67 38 	
