Lotto
Archivio estrazioni Lotto anno 1954 aggiornato al 31/12/1954
Concorso	Data	Bari	Cagliari	Firenze	Genova	Milano	Napoli	Palermo	Roma	Torino	Venezia	Nazionale	
53	31/12/1954	41 59 27 56 74 	40 7 28 10 82 	70 61 75 80 10 	6 26 19 54 65 	8 34 43 68 21 	24 71 60 31 67 	16 73 71 9 14 	72 39 44 84 88 	47 41 6 16 4 	42 80 51 5 26 	     	
52	24/12/1954	40 44 68 84 58 	23 38 20 54 89 	61 72 69 83 7 	21 6 41 65 20 	33 52 67 79 5 	49 46 8 16 1 	24 12 51 32 70 	79 29 18 54 36 	29 61 19 51 20 	19 55 22 7 87 	19 55 22 7 87 	
51	18/12/1954	16 84 22 11 24 	49 70 20 48 37 	15 36 53 74 49 	35 38 33 37 30 	12 40 44 72 25 	30 76 62 42 31 	21 55 48 60 40 	49 34 84 8 19 	50 71 84 56 15 	30 5 55 45 26 	30 5 55 45 26 	
50	11/12/1954	42 77 1 59 87 	8 56 38 67 44 	12 82 37 15 90 	14 72 59 42 15 	25 63 65 83 87 	57 22 30 6 71 	66 10 50 4 20 	39 56 35 8 38 	53 45 48 32 41 	64 73 78 38 59 	64 73 78 38 59 	
49	04/12/1954	75 34 3 37 6 	18 85 61 23 71 	61 86 87 88 23 	57 86 17 58 66 	54 2 58 5 76 	41 14 39 52 83 	52 64 16 83 28 	25 18 21 71 49 	65 76 8 73 63 	35 67 66 81 88 	35 67 66 81 88 	
48	27/11/1954	67 13 1 4 6 	56 49 43 61 23 	84 36 20 50 70 	50 81 43 40 68 	8 18 64 67 44 	8 74 53 12 13 	61 75 66 3 58 	9 8 31 3 4 	89 83 63 4 30 	82 24 8 42 58 	82 24 8 42 58 	
47	20/11/1954	56 51 88 59 35 	88 38 46 61 3 	4 66 70 60 81 	54 7 66 30 27 	74 75 33 7 1 	65 34 35 83 70 	82 30 6 84 43 	75 55 20 47 67 	19 1 60 49 28 	12 45 67 27 41 	12 45 67 27 41 	
46	13/11/1954	51 48 40 6 61 	80 37 36 16 84 	32 13 26 62 57 	18 77 47 68 20 	61 58 40 89 68 	32 44 66 35 53 	29 45 48 24 39 	13 83 50 85 75 	23 30 83 39 31 	32 81 7 10 77 	32 81 7 10 77 	
45	06/11/1954	34 52 54 22 12 	83 25 27 29 7 	25 87 27 81 78 	63 50 83 60 12 	73 33 88 89 5 	83 87 3 14 41 	41 13 31 81 58 	42 63 33 78 69 	20 36 47 75 1 	20 31 15 27 51 	20 31 15 27 51 	
44	30/10/1954	11 41 67 37 20 	51 8 82 75 55 	5 37 47 40 11 	20 61 6 31 28 	3 71 30 89 46 	65 89 8 22 39 	29 11 30 69 41 	44 62 3 7 72 	10 70 85 46 71 	27 86 65 85 71 	27 86 65 85 71 	
43	23/10/1954	42 76 60 40 56 	71 72 80 12 29 	5 28 27 14 53 	63 83 84 88 85 	29 6 20 23 28 	3 53 24 48 44 	22 73 28 34 85 	38 18 12 29 48 	60 61 44 56 90 	75 88 16 12 84 	75 88 16 12 84 	
42	16/10/1954	22 54 28 5 70 	78 56 28 80 54 	64 12 90 77 43 	15 38 59 82 39 	51 46 72 27 81 	28 47 13 30 77 	47 54 88 26 60 	61 85 36 18 76 	35 17 5 44 30 	36 80 76 86 48 	36 80 76 86 48 	
41	09/10/1954	56 66 41 76 16 	31 76 69 81 47 	88 12 32 86 10 	48 76 69 83 63 	20 56 24 41 11 	83 21 71 46 6 	71 82 77 74 68 	41 39 80 26 4 	48 4 70 57 53 	34 12 86 30 84 	34 12 86 30 84 	
40	02/10/1954	90 48 46 10 54 	59 2 40 1 24 	67 71 82 62 8 	52 3 42 75 21 	35 47 27 56 83 	34 35 16 22 50 	18 49 26 80 32 	64 62 15 80 34 	29 44 42 10 74 	82 45 22 35 29 	82 45 22 35 29 	
39	25/09/1954	14 48 47 46 50 	19 52 40 15 67 	57 5 30 44 59 	51 8 1 17 64 	19 47 17 90 9 	24 26 35 14 40 	66 21 34 88 6 	82 47 3 75 15 	62 22 70 82 3 	50 29 89 72 5 	50 29 89 72 5 	
38	18/09/1954	33 85 44 39 79 	37 79 67 48 5 	58 44 27 68 45 	25 9 73 65 90 	70 75 38 25 55 	22 7 32 75 85 	19 81 78 68 73 	18 63 21 31 53 	6 55 35 71 53 	29 32 2 90 62 	29 32 2 90 62 	
37	11/09/1954	1 76 33 24 37 	58 74 73 61 60 	83 88 17 21 33 	54 50 34 90 7 	75 24 6 86 52 	6 16 82 27 49 	12 19 9 53 50 	1 63 4 34 60 	70 23 57 52 86 	14 57 62 41 34 	14 57 62 41 34 	
36	04/09/1954	47 69 78 53 17 	21 72 58 24 17 	9 4 81 32 6 	80 52 51 71 13 	36 34 6 78 68 	29 3 10 55 82 	82 13 2 33 83 	80 13 62 84 37 	87 30 18 5 68 	68 17 8 31 11 	68 17 8 31 11 	
35	28/08/1954	80 9 25 89 38 	60 70 17 63 52 	14 75 5 20 26 	49 64 14 57 80 	49 18 16 73 9 	12 89 38 49 9 	85 36 90 64 21 	17 73 16 34 6 	10 39 12 15 79 	48 40 37 78 14 	48 40 37 78 14 	
34	21/08/1954	37 25 22 43 7 	28 65 71 60 78 	13 74 2 46 35 	17 77 38 21 12 	70 46 23 89 2 	4 84 52 6 80 	25 54 44 66 76 	85 9 58 4 46 	33 59 23 16 7 	6 51 20 4 64 	6 51 20 4 64 	
33	14/08/1954	82 27 87 32 70 	56 48 3 40 27 	14 23 71 32 49 	21 30 47 19 28 	57 22 41 73 33 	89 45 52 1 87 	43 35 24 6 4 	24 52 22 12 48 	15 17 28 57 2 	80 50 69 11 70 	80 50 69 11 70 	
32	07/08/1954	38 43 48 19 24 	79 11 48 85 51 	25 26 16 63 87 	20 73 48 3 25 	29 27 47 52 61 	48 73 42 34 26 	16 73 79 71 59 	37 32 71 62 52 	68 15 61 23 70 	56 64 83 72 50 	56 64 83 72 50 	
31	31/07/1954	79 85 10 49 50 	11 22 12 52 81 	58 90 29 55 8 	16 55 88 34 77 	31 17 85 75 53 	58 44 55 11 61 	32 65 75 34 47 	24 54 70 8 22 	80 8 6 36 50 	48 10 65 46 50 	48 10 65 46 50 	
30	24/07/1954	76 3 62 55 58 	46 63 1 59 71 	2 72 56 4 20 	52 50 75 25 24 	33 48 40 35 67 	43 56 39 77 55 	26 87 68 67 30 	42 55 40 29 5 	61 74 59 34 15 	45 87 55 49 21 	45 87 55 49 21 	
29	17/07/1954	53 22 65 30 24 	66 39 42 64 25 	46 29 42 81 90 	56 23 61 85 88 	29 4 66 16 24 	10 42 51 5 17 	24 7 45 29 61 	41 89 68 9 70 	37 19 81 67 26 	12 83 1 75 59 	12 83 1 75 59 	
28	10/07/1954	79 32 35 68 58 	46 43 2 17 48 	30 83 1 37 16 	37 44 86 70 19 	27 18 32 39 50 	9 32 89 8 65 	80 62 84 21 44 	5 27 83 34 88 	73 25 17 28 10 	39 38 44 28 78 	39 38 44 28 78 	
27	03/07/1954	60 12 75 38 45 	22 58 4 86 65 	48 63 38 27 72 	40 6 47 87 17 	48 42 22 10 33 	19 12 51 3 25 	22 60 65 44 75 	40 54 85 44 76 	7 75 4 45 39 	85 27 56 25 47 	85 27 56 25 47 	
26	26/06/1954	76 20 9 73 28 	58 21 2 9 63 	55 17 34 12 40 	58 38 36 24 88 	51 32 1 55 61 	81 34 60 13 16 	72 8 52 61 26 	69 43 66 1 30 	34 42 37 19 3 	59 19 21 39 30 	59 19 21 39 30 	
25	19/06/1954	76 13 40 3 44 	14 82 87 19 44 	66 89 60 68 42 	31 45 2 29 62 	74 66 5 49 28 	85 52 31 54 60 	27 79 22 2 85 	57 81 15 7 24 	11 88 56 5 2 	49 25 83 37 52 	49 25 83 37 52 	
24	12/06/1954	3 53 82 29 48 	15 10 65 54 33 	79 53 83 5 30 	66 87 58 16 74 	56 81 10 82 60 	88 62 20 76 12 	58 71 36 34 43 	41 66 78 75 43 	63 4 78 86 20 	82 83 70 57 31 	82 83 70 57 31 	
23	05/06/1954	10 16 46 89 82 	42 87 5 32 62 	11 43 31 1 59 	40 67 64 18 19 	81 69 73 40 42 	47 12 79 31 7 	26 9 16 15 5 	32 37 43 12 47 	13 14 32 68 75 	19 86 75 46 14 	19 86 75 46 14 	
22	29/05/1954	42 26 14 48 84 	38 69 62 46 70 	33 19 35 22 26 	28 66 48 19 38 	36 90 64 75 34 	84 70 12 87 66 	85 46 52 29 8 	55 58 7 30 83 	33 16 41 18 69 	80 41 49 11 30 	80 41 49 11 30 	
21	22/05/1954	18 29 72 42 68 	55 61 28 15 56 	9 61 29 47 58 	58 10 70 18 47 	37 65 66 8 31 	47 71 2 9 31 	59 81 7 45 35 	36 77 74 58 75 	75 62 80 18 9 	68 28 7 13 31 	68 28 7 13 31 	
20	15/05/1954	63 45 84 31 89 	17 50 75 13 16 	58 71 14 46 24 	58 55 81 63 28 	1 34 90 60 2 	19 79 76 52 15 	2 26 44 54 64 	30 88 61 39 34 	77 88 89 45 61 	4 66 48 17 63 	4 66 48 17 63 	
19	08/05/1954	17 42 86 8 77 	47 5 32 29 36 	82 10 51 70 77 	81 44 78 71 68 	67 54 90 26 80 	20 83 43 31 36 	30 61 69 8 84 	55 50 90 9 28 	58 9 69 13 40 	36 72 83 71 84 	36 72 83 71 84 	
18	30/04/1954	26 1 48 53 45 	8 58 83 50 90 	17 84 26 89 75 	20 78 85 90 87 	56 72 38 23 74 	29 45 4 42 56 	8 43 19 23 25 	90 74 59 79 75 	60 11 28 7 39 	80 22 81 77 42 	80 22 81 77 42 	
17	24/04/1954	39 8 15 7 13 	52 60 39 34 10 	33 9 71 87 88 	62 39 4 35 56 	8 12 2 86 84 	14 68 20 1 61 	85 1 61 65 13 	73 74 61 3 9 	81 5 32 70 76 	85 52 34 36 43 	85 52 34 36 43 	
16	17/04/1954	58 61 88 80 68 	88 24 14 87 43 	39 78 73 14 35 	77 67 30 10 46 	35 30 37 79 47 	27 16 15 1 87 	3 56 12 17 33 	68 39 65 40 38 	89 63 76 77 43 	20 48 41 77 4 	20 48 41 77 4 	
15	10/04/1954	66 48 86 35 19 	9 73 11 31 76 	35 8 81 53 12 	3 25 22 81 61 	49 21 20 33 22 	2 62 7 77 14 	48 54 28 39 37 	75 30 47 48 45 	89 48 34 64 30 	50 74 65 34 69 	50 74 65 34 69 	
14	03/04/1954	24 30 85 49 1 	15 68 65 32 69 	61 44 63 21 17 	25 32 79 37 43 	77 80 1 38 85 	58 25 83 53 36 	82 50 57 2 18 	59 40 37 50 39 	25 26 44 37 21 	27 26 19 67 78 	27 26 19 67 78 	
13	27/03/1954	11 57 70 23 17 	20 49 83 8 33 	56 70 57 31 6 	32 33 13 35 72 	45 35 48 60 26 	80 2 68 26 70 	72 21 56 34 35 	2 41 47 35 58 	83 68 44 21 37 	79 42 1 10 35 	79 42 1 10 35 	
12	20/03/1954	44 80 20 89 58 	18 49 82 41 72 	49 84 65 72 13 	65 8 51 9 87 	75 41 13 46 71 	50 43 46 82 33 	66 47 73 59 60 	41 35 83 45 16 	40 68 35 47 74 	51 3 43 78 87 	51 3 43 78 87 	
11	13/03/1954	63 34 77 80 75 	28 11 26 75 67 	27 41 51 72 33 	55 67 66 7 20 	53 89 83 46 5 	75 19 53 87 7 	12 9 16 40 80 	44 27 7 37 22 	43 61 8 10 47 	52 13 74 48 37 	52 13 74 48 37 	
10	06/03/1954	11 90 9 53 8 	49 46 22 82 86 	51 12 33 82 34 	76 80 62 43 27 	37 80 62 76 1 	65 41 19 63 3 	50 20 85 70 60 	15 79 57 14 10 	24 53 55 28 83 	28 73 32 76 39 	28 73 32 76 39 	
9	27/02/1954	53 83 48 87 66 	52 54 19 85 81 	59 23 10 64 6 	44 45 76 35 64 	45 38 1 48 18 	27 43 11 25 56 	65 64 70 51 81 	40 30 82 8 90 	23 19 39 18 83 	68 8 1 21 52 	68 8 1 21 52 	
8	20/02/1954	38 57 70 85 12 	66 50 1 10 52 	82 25 66 8 89 	13 21 52 51 35 	44 79 65 51 30 	80 13 79 73 26 	74 86 7 88 46 	3 10 11 35 31 	87 31 58 41 39 	75 48 32 53 9 	75 48 32 53 9 	
7	13/02/1954	78 23 11 20 59 	55 90 29 81 15 	24 58 46 3 66 	14 31 85 82 80 	10 43 33 65 36 	44 75 21 12 45 	19 52 18 72 75 	64 14 9 25 63 	25 4 21 81 44 	2 51 59 58 23 	2 51 59 58 23 	
6	06/02/1954	70 12 60 79 87 	67 75 57 78 21 	11 82 81 25 65 	65 86 35 54 2 	12 5 71 85 2 	13 52 75 85 12 	54 26 56 22 71 	48 59 39 1 3 	4 12 18 13 71 	26 16 12 44 4 	26 16 12 44 4 	
5	30/01/1954	28 64 84 5 34 	32 41 25 71 78 	73 11 32 52 54 	10 4 63 83 8 	65 1 68 8 61 	12 42 68 57 37 	86 62 13 76 59 	22 17 32 51 16 	30 13 65 76 61 	84 74 85 76 9 	84 74 85 76 9 	
4	23/01/1954	3 13 11 20 66 	53 87 33 75 23 	79 25 83 58 82 	41 42 27 7 31 	34 87 23 38 83 	43 37 3 72 16 	89 25 7 75 87 	80 9 19 88 40 	8 83 13 61 35 	31 90 80 40 17 	31 90 80 40 17 	
3	16/01/1954	30 8 15 12 76 	23 30 2 65 42 	67 37 85 5 74 	30 33 36 44 26 	35 77 6 10 49 	59 8 50 87 46 	3 43 53 31 85 	77 50 52 3 17 	3 75 62 57 64 	45 33 19 28 60 	45 33 19 28 60 	
2	09/01/1954	54 43 63 30 83 	55 84 2 7 14 	25 3 45 86 16 	48 61 75 16 35 	16 82 70 81 1 	62 15 5 34 29 	4 10 75 62 77 	77 86 61 80 73 	25 78 18 86 57 	6 66 75 83 23 	6 66 75 83 23 	
1	02/01/1954	28 78 60 17 18 	44 32 70 81 16 	69 31 39 40 6 	77 36 51 12 72 	64 39 48 85 80 	13 20 81 15 25 	79 81 66 75 30 	39 62 63 71 90 	32 27 74 39 71 	72 46 56 20 82 	72 46 56 20 82 	
