Lotto
Archivio estrazioni Lotto anno 1882 aggiornato al 30/12/1882
Concorso	Data	Bari	Cagliari	Firenze	Genova	Milano	Napoli	Palermo	Roma	Torino	Venezia	Nazionale	
52	30/12/1882	60 54 77 36 81 	     	35 86 85 61 74 	     	27 13 41 67 47 	40 15 67 19 89 	80 16 47 50 23 	67 82 80 9 75 	11 47 53 46 75 	67 56 60 51 34 	     	
51	23/12/1882	69 44 23 32 17 	69 44 23 32 17 	21 31 78 90 3 	21 31 78 90 3 	22 84 32 37 27 	22 37 73 11 77 	74 88 24 29 69 	18 14 6 3 28 	55 13 78 85 2 	81 7 15 9 65 	81 7 15 9 65 	
50	16/12/1882	67 71 89 86 41 	67 71 89 86 41 	25 34 60 82 78 	25 34 60 82 78 	78 23 80 38 43 	81 46 11 55 2 	51 63 47 80 78 	64 74 77 81 68 	1 89 77 29 81 	56 23 66 60 5 	56 23 66 60 5 	
49	09/12/1882	74 86 16 5 63 	74 86 16 5 63 	40 36 82 41 65 	40 36 82 41 65 	21 56 68 67 32 	43 34 1 88 25 	53 6 15 83 43 	30 65 25 27 61 	70 5 71 51 80 	30 14 73 89 52 	30 14 73 89 52 	
48	02/12/1882	81 33 37 58 83 	81 33 37 58 83 	72 76 17 50 73 	72 76 17 50 73 	66 85 39 20 44 	24 46 29 35 32 	32 80 1 69 8 	81 18 41 26 65 	39 22 26 44 61 	82 42 41 85 87 	82 42 41 85 87 	
47	25/11/1882	28 60 54 77 34 	28 60 54 77 34 	32 58 77 12 79 	32 58 77 12 79 	58 50 43 61 12 	6 10 29 3 63 	7 71 27 33 29 	89 51 50 74 19 	71 69 3 27 21 	77 2 78 85 17 	77 2 78 85 17 	
46	18/11/1882	25 8 49 89 67 	25 8 49 89 67 	52 71 20 17 14 	52 71 20 17 14 	65 5 45 39 24 	30 17 9 82 61 	66 83 5 85 70 	37 19 53 24 89 	36 66 38 60 28 	65 64 82 80 14 	65 64 82 80 14 	
45	11/11/1882	84 6 40 23 57 	84 6 40 23 57 	34 40 63 39 36 	34 40 63 39 36 	89 20 25 57 77 	12 20 90 5 78 	27 25 71 38 35 	28 17 56 77 90 	87 61 12 50 66 	59 78 75 11 20 	59 78 75 11 20 	
44	04/11/1882	77 68 90 83 63 	77 68 90 83 63 	21 8 86 82 80 	21 8 86 82 80 	61 46 35 75 72 	38 49 71 84 17 	4 40 83 85 80 	16 60 82 68 1 	29 51 48 15 41 	31 80 20 67 47 	31 80 20 67 47 	
43	28/10/1882	58 2 26 39 14 	58 2 26 39 14 	19 76 15 63 45 	19 76 15 63 45 	19 24 31 63 21 	65 79 71 12 58 	45 75 29 36 32 	28 21 54 58 64 	86 19 51 75 55 	4 62 39 56 10 	4 62 39 56 10 	
42	21/10/1882	45 59 5 37 64 	45 59 5 37 64 	27 75 24 40 2 	27 75 24 40 2 	59 13 32 56 34 	63 76 66 26 49 	34 30 87 8 53 	11 14 19 64 46 	80 69 38 56 29 	59 46 27 83 54 	59 46 27 83 54 	
41	14/10/1882	84 80 28 90 71 	84 80 28 90 71 	15 50 24 51 38 	15 50 24 51 38 	22 89 35 45 23 	54 65 89 12 78 	32 58 5 55 23 	54 1 34 52 46 	85 28 74 4 36 	12 36 23 71 79 	12 36 23 71 79 	
40	07/10/1882	86 4 30 14 85 	86 4 30 14 85 	57 76 86 11 89 	57 76 86 11 89 	54 43 44 83 63 	79 89 29 77 13 	85 9 73 41 19 	5 29 69 86 3 	37 27 86 31 13 	61 70 47 22 62 	61 70 47 22 62 	
39	30/09/1882	46 11 38 66 36 	46 11 38 66 36 	75 17 86 12 49 	75 17 86 12 49 	76 89 86 82 74 	35 40 25 66 55 	86 34 21 82 52 	47 67 34 12 75 	35 24 74 16 29 	34 25 14 1 9 	34 25 14 1 9 	
38	23/09/1882	63 15 35 67 12 	63 15 35 67 12 	46 67 83 47 50 	46 67 83 47 50 	50 87 19 54 16 	15 54 70 33 73 	45 51 35 20 69 	16 36 84 87 75 	25 46 20 1 19 	80 23 65 40 50 	80 23 65 40 50 	
37	16/09/1882	80 71 28 30 43 	80 71 28 30 43 	61 44 26 53 48 	61 44 26 53 48 	56 63 37 2 22 	56 80 45 63 55 	5 58 86 10 55 	1 33 8 12 13 	5 42 79 86 45 	78 25 90 39 46 	78 25 90 39 46 	
36	09/09/1882	82 14 29 61 66 	82 14 29 61 66 	75 17 36 20 37 	75 17 36 20 37 	73 4 5 75 36 	86 43 64 46 47 	87 88 46 65 24 	37 66 20 28 16 	71 48 1 26 43 	61 3 51 88 48 	61 3 51 88 48 	
35	02/09/1882	82 47 80 63 87 	82 47 80 63 87 	27 48 30 81 16 	27 48 30 81 16 	66 82 61 60 67 	58 46 64 33 38 	8 3 69 12 90 	82 77 74 70 45 	59 87 61 29 7 	16 72 87 31 9 	16 72 87 31 9 	
34	26/08/1882	35 13 49 9 55 	35 13 49 9 55 	17 52 35 56 76 	17 52 35 56 76 	28 61 16 58 60 	10 39 34 44 50 	51 2 12 19 70 	84 34 40 62 8 	35 46 73 45 74 	32 59 18 28 24 	32 59 18 28 24 	
33	19/08/1882	40 63 46 67 83 	40 63 46 67 83 	51 76 53 44 56 	51 76 53 44 56 	51 69 80 48 53 	1 77 2 12 41 	88 62 78 36 81 	14 43 19 63 81 	64 90 33 87 53 	42 55 6 73 76 	42 55 6 73 76 	
32	12/08/1882	59 51 75 66 6 	59 51 75 66 6 	41 21 44 2 55 	41 21 44 2 55 	45 17 18 37 64 	55 42 15 86 37 	5 76 49 87 12 	77 64 52 87 32 	14 18 22 59 63 	90 29 89 38 25 	90 29 89 38 25 	
31	05/08/1882	24 8 34 17 42 	24 8 34 17 42 	29 69 87 35 90 	29 69 87 35 90 	29 86 67 79 4 	28 27 19 73 12 	25 26 63 6 37 	20 40 7 74 29 	48 38 80 52 64 	39 40 23 59 27 	39 40 23 59 27 	
30	29/07/1882	84 83 22 62 17 	84 83 22 62 17 	40 36 39 34 5 	40 36 39 34 5 	27 74 50 44 14 	80 44 9 43 41 	56 49 88 11 67 	7 39 10 51 36 	49 90 32 66 24 	87 90 4 37 6 	87 90 4 37 6 	
29	22/07/1882	11 18 78 24 9 	11 18 78 24 9 	10 59 33 52 83 	10 59 33 52 83 	46 67 27 56 11 	54 83 43 13 60 	15 43 27 76 1 	41 90 78 52 69 	10 78 67 72 3 	77 18 49 5 70 	77 18 49 5 70 	
28	15/07/1882	23 26 30 57 21 	23 26 30 57 21 	87 33 18 84 54 	87 33 18 84 54 	56 12 59 6 3 	9 84 63 7 87 	1 25 2 40 44 	58 50 87 67 15 	70 20 85 53 74 	59 15 36 47 21 	59 15 36 47 21 	
27	08/07/1882	40 1 41 21 64 	40 1 41 21 64 	73 8 69 87 23 	73 8 69 87 23 	11 33 28 61 54 	65 31 30 76 89 	33 17 82 40 87 	16 84 55 11 70 	59 26 34 82 8 	3 31 50 49 35 	3 31 50 49 35 	
26	01/07/1882	29 88 15 2 49 	29 88 15 2 49 	19 26 25 66 82 	19 26 25 66 82 	5 44 82 1 60 	86 72 28 49 61 	27 80 63 72 30 	10 25 29 27 34 	20 2 90 85 81 	83 5 40 9 1 	83 5 40 9 1 	
25	24/06/1882	56 76 67 33 43 	56 76 67 33 43 	2 10 35 15 57 	2 10 35 15 57 	59 43 12 77 63 	45 60 90 20 40 	75 55 82 48 73 	75 18 33 30 14 	64 44 67 72 33 	28 62 69 20 18 	28 62 69 20 18 	
24	17/06/1882	21 55 35 12 42 	21 55 35 12 42 	86 69 37 33 7 	86 69 37 33 7 	2 74 12 64 29 	15 48 51 90 46 	13 3 87 76 85 	37 59 67 29 9 	30 20 9 3 68 	79 61 7 19 66 	79 61 7 19 66 	
23	10/06/1882	41 48 44 3 47 	41 48 44 3 47 	39 63 48 45 55 	39 63 48 45 55 	11 58 56 39 34 	48 12 75 57 64 	76 56 46 47 65 	38 29 78 52 2 	49 47 88 68 79 	15 86 81 75 61 	15 86 81 75 61 	
22	03/06/1882	25 75 18 5 11 	25 75 18 5 11 	13 89 62 35 82 	13 89 62 35 82 	20 64 15 79 13 	11 35 66 38 52 	44 11 28 68 4 	13 80 15 43 46 	81 49 61 40 53 	6 47 43 52 5 	6 47 43 52 5 	
21	27/05/1882	56 12 6 23 41 	56 12 6 23 41 	6 86 26 64 73 	6 86 26 64 73 	72 22 85 63 26 	57 45 79 59 65 	37 1 79 39 66 	2 59 15 55 63 	51 67 20 26 27 	27 83 75 80 88 	27 83 75 80 88 	
20	20/05/1882	31 55 32 49 41 	31 55 32 49 41 	59 42 17 2 9 	59 42 17 2 9 	49 4 84 16 83 	8 73 77 32 69 	41 39 49 15 51 	35 4 56 60 75 	43 57 11 86 7 	53 30 4 3 13 	53 30 4 3 13 	
19	13/05/1882	26 69 21 86 76 	26 69 21 86 76 	71 50 75 27 86 	71 50 75 27 86 	11 5 83 77 87 	69 88 9 4 19 	41 77 36 65 56 	77 24 81 5 58 	29 79 61 13 46 	78 27 3 28 84 	78 27 3 28 84 	
18	06/05/1882	76 63 88 79 81 	76 63 88 79 81 	86 57 6 49 3 	86 57 6 49 3 	75 90 79 57 50 	65 17 77 58 79 	41 36 9 88 33 	66 56 3 46 42 	32 5 7 58 14 	4 46 83 56 87 	4 46 83 56 87 	
17	29/04/1882	27 62 84 8 48 	27 62 84 8 48 	34 68 81 72 53 	34 68 81 72 53 	82 64 1 5 10 	16 15 13 89 82 	38 73 59 6 12 	54 67 22 47 24 	37 48 13 55 70 	27 51 89 82 1 	27 51 89 82 1 	
16	22/04/1882	88 47 82 4 11 	88 47 82 4 11 	73 28 34 65 74 	73 28 34 65 74 	18 3 48 81 73 	3 44 7 42 50 	69 39 26 74 18 	8 73 42 18 88 	86 11 17 78 73 	56 28 29 72 22 	56 28 29 72 22 	
15	15/04/1882	33 73 3 67 82 	33 73 3 67 82 	31 86 28 21 4 	31 86 28 21 4 	72 38 47 8 83 	56 55 69 83 38 	28 1 65 24 18 	25 33 48 71 89 	82 30 45 64 80 	67 6 46 72 29 	67 6 46 72 29 	
14	08/04/1882	49 43 65 13 72 	49 43 65 13 72 	37 86 56 75 40 	37 86 56 75 40 	53 26 49 11 1 	37 36 29 78 41 	69 49 88 10 40 	45 27 88 59 36 	16 69 12 75 31 	34 43 67 68 77 	34 43 67 68 77 	
13	01/04/1882	48 65 52 40 85 	48 65 52 40 85 	62 10 75 83 85 	62 10 75 83 85 	58 31 79 19 68 	81 21 89 44 33 	90 24 62 32 6 	41 54 23 87 65 	73 37 27 41 53 	45 47 14 22 68 	45 47 14 22 68 	
12	25/03/1882	65 43 39 87 23 	65 43 39 87 23 	9 60 48 38 63 	9 60 48 38 63 	35 81 49 68 67 	75 29 79 69 16 	26 90 71 78 51 	44 15 82 24 6 	50 70 18 73 14 	56 77 63 36 30 	56 77 63 36 30 	
11	18/03/1882	26 78 54 62 21 	26 78 54 62 21 	72 4 52 34 5 	72 4 52 34 5 	35 88 37 61 10 	22 7 72 79 57 	87 38 77 1 70 	53 40 19 21 30 	68 8 15 72 48 	67 38 88 10 21 	67 38 88 10 21 	
10	11/03/1882	56 1 22 44 54 	56 1 22 44 54 	23 17 34 84 28 	23 17 34 84 28 	55 42 15 25 13 	49 26 60 23 82 	3 66 19 53 85 	67 78 20 26 53 	7 48 10 72 70 	49 32 53 45 12 	49 32 53 45 12 	
9	04/03/1882	67 26 25 48 49 	67 26 25 48 49 	58 29 26 14 49 	58 29 26 14 49 	12 30 20 63 79 	86 75 38 45 30 	12 75 29 65 26 	34 53 88 37 17 	29 81 89 51 24 	70 23 34 21 26 	70 23 34 21 26 	
8	25/02/1882	5 47 49 19 79 	5 47 49 19 79 	66 55 87 22 29 	66 55 87 22 29 	12 52 33 51 23 	54 24 30 80 64 	45 47 31 44 2 	53 5 17 81 32 	11 52 31 32 90 	33 30 17 16 41 	33 30 17 16 41 	
7	18/02/1882	5 63 76 77 69 	5 63 76 77 69 	2 18 32 17 22 	2 18 32 17 22 	74 27 37 24 15 	78 1 51 65 72 	65 55 35 21 45 	4 2 7 15 80 	40 3 90 32 1 	79 90 1 28 13 	79 90 1 28 13 	
6	11/02/1882	53 49 4 88 34 	53 49 4 88 34 	88 84 56 60 19 	88 84 56 60 19 	85 64 63 2 84 	31 40 89 83 19 	21 72 68 16 45 	49 90 83 45 1 	59 33 34 51 14 	62 12 43 58 26 	62 12 43 58 26 	
5	04/02/1882	57 20 88 11 66 	57 20 88 11 66 	60 39 51 36 71 	60 39 51 36 71 	14 61 49 4 84 	66 67 69 48 64 	58 55 8 37 79 	19 36 69 10 80 	23 1 2 30 41 	8 65 2 37 15 	8 65 2 37 15 	
4	28/01/1882	65 56 32 64 55 	65 56 32 64 55 	86 43 14 82 42 	86 43 14 82 42 	42 29 21 24 47 	60 36 75 11 55 	74 21 39 79 7 	1 90 81 18 25 	69 4 27 88 65 	34 5 45 25 15 	34 5 45 25 15 	
3	21/01/1882	31 10 37 29 43 	31 10 37 29 43 	3 23 89 88 48 	3 23 89 88 48 	7 48 86 26 59 	5 67 79 57 20 	88 29 15 69 46 	18 57 65 33 16 	18 28 56 7 22 	68 23 70 79 61 	68 23 70 79 61 	
2	14/01/1882	32 16 58 68 10 	32 16 58 68 10 	32 65 37 26 45 	32 65 37 26 45 	73 9 87 28 29 	25 62 85 9 87 	53 78 62 48 14 	50 61 24 90 13 	80 27 8 82 54 	74 24 2 37 10 	74 24 2 37 10 	
1	07/01/1882	25 83 86 50 61 	25 83 86 50 61 	75 30 20 81 15 	75 30 20 81 15 	53 13 41 14 22 	32 12 85 86 41 	45 53 58 26 79 	84 8 50 21 72 	63 62 57 77 12 	7 59 9 70 18 	7 59 9 70 18 	
