Lotto
Archivio estrazioni Lotto anno 1969 aggiornato al 27/12/1969
Concorso	Data	Bari	Cagliari	Firenze	Genova	Milano	Napoli	Palermo	Roma	Torino	Venezia	Nazionale	
52	27/12/1969	53 24 76 51 10 	90 53 45 38 21 	25 57 27 83 38 	82 61 74 84 78 	12 43 17 22 21 	18 37 36 29 56 	66 28 43 61 57 	2 18 87 25 21 	42 20 62 60 87 	49 46 39 54 71 	     	
51	20/12/1969	10 87 81 66 14 	70 43 88 67 13 	60 46 88 13 26 	60 33 3 7 63 	82 50 34 73 48 	8 27 32 19 66 	43 89 46 27 83 	5 86 45 10 11 	84 67 44 68 88 	81 47 62 85 87 	81 47 62 85 87 	
50	13/12/1969	32 40 81 51 7 	44 78 17 52 12 	71 31 74 61 62 	32 27 20 87 15 	64 77 31 14 48 	73 44 58 16 20 	16 32 1 11 44 	65 41 1 45 51 	50 22 56 7 71 	66 48 28 29 67 	66 48 28 29 67 	
49	06/12/1969	49 5 8 17 29 	86 70 30 4 15 	1 73 35 52 15 	90 6 13 23 66 	71 35 38 33 23 	53 50 34 46 68 	89 41 72 58 8 	41 68 56 4 35 	59 85 64 60 77 	80 43 54 44 86 	80 43 54 44 86 	
48	29/11/1969	42 83 78 17 63 	51 38 43 18 59 	5 19 61 63 42 	50 20 83 52 72 	39 19 61 79 22 	17 32 50 45 60 	10 40 66 72 43 	64 7 27 11 88 	85 71 64 48 56 	33 55 17 49 46 	33 55 17 49 46 	
47	22/11/1969	54 71 40 72 24 	53 31 46 72 79 	64 4 15 7 20 	18 37 60 59 38 	61 44 1 79 9 	13 7 37 72 34 	77 36 2 11 40 	36 46 12 76 26 	50 61 80 11 84 	19 26 64 70 89 	19 26 64 70 89 	
46	15/11/1969	56 25 37 30 4 	4 24 2 51 79 	43 70 84 68 47 	31 13 84 82 32 	79 27 9 1 65 	71 76 58 84 23 	74 66 77 46 61 	64 57 20 9 55 	30 78 90 18 85 	25 1 89 56 73 	25 1 89 56 73 	
45	08/11/1969	32 59 44 75 86 	27 10 50 45 8 	54 59 88 11 39 	84 48 19 82 54 	66 82 88 31 26 	22 37 10 49 54 	38 45 13 72 23 	77 52 66 76 41 	41 86 21 5 19 	60 47 23 50 11 	60 47 23 50 11 	
44	31/10/1969	76 87 68 28 72 	3 16 56 4 54 	35 52 41 82 30 	71 65 82 90 16 	71 48 37 33 19 	10 1 40 74 59 	24 84 43 90 75 	83 32 79 27 5 	58 52 51 44 19 	53 6 15 33 52 	53 6 15 33 52 	
43	25/10/1969	69 68 77 81 41 	47 19 46 57 45 	90 56 77 70 55 	41 55 81 35 87 	81 31 33 8 59 	23 26 29 31 14 	80 38 44 86 79 	21 69 49 61 1 	5 46 51 7 50 	9 89 82 79 64 	9 89 82 79 64 	
42	18/10/1969	80 53 14 16 89 	36 69 39 40 81 	76 34 33 65 49 	53 69 29 1 47 	86 71 44 56 69 	40 80 64 70 54 	21 49 18 84 51 	73 37 64 2 36 	62 66 60 51 61 	25 48 21 50 19 	25 48 21 50 19 	
41	11/10/1969	26 56 71 67 79 	64 69 58 8 21 	35 67 16 11 82 	53 3 30 56 16 	53 63 45 51 26 	36 14 88 55 39 	32 86 89 79 2 	24 31 28 20 36 	39 4 5 33 68 	88 31 48 43 56 	88 31 48 43 56 	
40	04/10/1969	34 60 43 12 3 	90 26 39 38 77 	61 66 37 42 67 	76 30 49 57 28 	14 12 56 30 74 	54 14 16 18 59 	84 20 90 50 36 	61 4 10 11 26 	16 26 58 17 87 	19 85 52 82 78 	19 85 52 82 78 	
39	27/09/1969	38 6 72 30 21 	2 68 9 8 70 	36 49 51 52 42 	12 66 7 20 55 	64 84 86 88 43 	55 17 52 84 46 	50 9 74 3 16 	2 90 6 17 31 	42 40 13 48 68 	43 80 46 19 34 	43 80 46 19 34 	
38	20/09/1969	57 42 8 54 33 	38 52 16 5 51 	69 55 56 66 70 	16 71 54 1 72 	89 52 71 2 46 	6 5 86 47 66 	49 13 1 54 52 	36 21 31 18 88 	42 80 72 88 82 	12 16 25 36 58 	12 16 25 36 58 	
37	13/09/1969	78 28 26 49 84 	7 83 53 62 12 	58 36 72 47 19 	20 49 15 26 75 	90 41 14 89 8 	5 18 57 84 71 	90 59 63 36 26 	85 35 66 81 44 	66 53 72 62 82 	39 57 23 20 33 	39 57 23 20 33 	
36	06/09/1969	48 49 88 83 20 	28 22 77 60 38 	65 80 89 32 69 	74 56 32 47 53 	19 30 52 66 3 	74 82 7 69 24 	22 74 54 21 18 	67 38 69 32 30 	5 57 47 26 62 	86 44 34 77 64 	86 44 34 77 64 	
35	30/08/1969	14 87 49 39 22 	79 70 77 67 47 	48 87 26 20 81 	52 82 55 64 27 	8 16 33 11 27 	30 81 28 26 51 	1 32 27 38 82 	40 15 49 48 8 	81 27 64 72 6 	67 1 86 59 50 	67 1 86 59 50 	
34	23/08/1969	84 28 66 85 82 	19 63 1 56 77 	34 15 50 86 62 	58 17 88 53 81 	71 16 24 4 56 	55 90 52 2 19 	34 14 64 17 84 	6 11 70 46 60 	35 1 63 69 8 	52 81 64 70 58 	52 81 64 70 58 	
33	16/08/1969	24 60 82 32 73 	14 15 51 56 28 	46 80 22 42 32 	60 6 35 32 21 	1 87 32 49 8 	13 52 26 47 37 	8 78 45 83 12 	11 71 85 88 63 	9 23 43 31 30 	56 47 39 68 22 	56 47 39 68 22 	
32	09/08/1969	63 79 2 42 6 	70 38 39 88 44 	51 31 23 50 29 	18 67 16 11 53 	80 50 90 83 42 	13 57 77 14 88 	17 31 54 22 36 	74 43 21 7 73 	18 66 71 45 1 	80 61 73 37 29 	80 61 73 37 29 	
31	02/08/1969	55 87 9 30 50 	57 25 41 86 62 	43 54 83 12 41 	78 72 65 12 25 	90 57 89 83 74 	59 54 68 18 25 	57 71 21 40 76 	58 7 65 84 44 	76 86 69 84 71 	80 79 44 60 72 	80 79 44 60 72 	
30	26/07/1969	30 70 22 39 85 	64 20 35 13 79 	7 82 47 30 65 	75 78 54 21 7 	86 77 29 84 25 	64 7 15 32 67 	22 81 16 73 39 	87 61 9 6 50 	53 81 28 21 60 	80 85 48 34 37 	80 85 48 34 37 	
29	19/07/1969	87 7 32 56 40 	47 31 35 37 60 	17 26 50 45 46 	3 30 67 12 23 	63 89 78 88 87 	64 61 59 4 49 	46 32 7 30 63 	17 72 81 78 67 	67 68 23 15 32 	29 31 81 50 78 	29 31 81 50 78 	
28	12/07/1969	40 22 69 10 72 	80 68 81 38 10 	13 49 75 82 36 	14 4 26 56 65 	44 62 87 40 16 	58 15 35 9 53 	80 4 82 6 5 	38 69 76 41 21 	38 25 20 87 63 	67 17 9 25 48 	67 17 9 25 48 	
27	05/07/1969	69 47 67 50 81 	61 59 74 67 43 	14 22 32 62 66 	67 36 55 24 90 	27 40 51 37 8 	51 44 32 30 69 	89 67 10 50 53 	8 87 41 9 35 	34 83 6 82 66 	54 73 57 27 60 	54 73 57 27 60 	
26	28/06/1969	24 15 56 40 63 	23 60 86 48 8 	67 63 31 21 85 	71 75 39 69 27 	20 34 19 42 68 	19 9 2 25 78 	35 45 73 58 51 	57 25 80 83 34 	80 1 24 8 86 	15 35 68 43 75 	15 35 68 43 75 	
25	21/06/1969	62 13 52 65 45 	9 48 74 41 73 	80 52 36 43 55 	55 46 73 86 41 	14 38 88 35 21 	4 24 89 10 63 	62 59 73 70 17 	4 44 82 41 31 	20 73 71 89 26 	3 19 43 33 29 	3 19 43 33 29 	
24	14/06/1969	34 10 45 39 31 	84 53 51 30 65 	76 80 47 67 9 	54 4 25 59 65 	29 60 77 61 84 	6 37 11 66 18 	15 36 29 19 69 	1 4 48 78 28 	85 29 31 63 26 	22 48 15 82 47 	22 48 15 82 47 	
23	07/06/1969	53 58 40 60 20 	40 48 11 36 63 	11 12 4 33 28 	67 12 73 15 47 	9 25 26 78 47 	60 12 20 21 58 	34 56 55 5 86 	74 63 78 65 50 	52 18 16 10 73 	14 3 72 83 26 	14 3 72 83 26 	
22	31/05/1969	1 80 77 48 27 	56 79 68 22 42 	27 34 88 70 54 	62 80 40 84 44 	89 32 81 46 85 	30 28 19 18 21 	67 81 55 86 39 	67 74 50 72 45 	77 7 68 88 51 	89 16 55 21 28 	89 16 55 21 28 	
21	24/05/1969	1 69 27 74 18 	48 57 32 34 80 	59 31 38 40 55 	12 9 60 46 67 	47 58 30 14 12 	78 21 69 35 55 	48 26 62 43 86 	1 55 22 50 28 	79 22 18 50 19 	29 33 41 42 16 	29 33 41 42 16 	
20	17/05/1969	56 74 79 15 86 	80 23 34 14 84 	85 78 84 80 1 	8 15 56 61 12 	55 71 47 32 36 	10 88 72 58 5 	40 53 23 12 57 	86 33 34 58 35 	90 70 43 63 87 	22 43 35 1 84 	22 43 35 1 84 	
19	10/05/1969	83 60 71 54 62 	26 63 21 1 47 	67 25 57 59 88 	29 46 74 23 39 	23 32 59 16 36 	67 47 37 80 11 	79 21 66 86 13 	82 62 61 4 49 	44 6 69 45 21 	31 58 71 64 77 	31 58 71 64 77 	
18	03/05/1969	10 36 37 75 28 	39 19 5 52 6 	85 66 72 65 17 	13 71 83 39 84 	43 40 81 67 55 	17 1 42 61 41 	36 67 88 12 43 	78 4 3 9 8 	37 7 36 70 64 	36 58 53 17 48 	36 58 53 17 48 	
17	26/04/1969	47 26 45 44 54 	57 65 5 41 55 	45 24 4 57 72 	50 73 53 18 8 	39 68 78 74 8 	71 90 11 65 83 	43 60 66 1 47 	13 10 59 29 63 	55 87 76 4 44 	40 19 26 83 41 	40 19 26 83 41 	
16	19/04/1969	82 26 88 51 4 	67 77 65 26 58 	82 69 28 44 40 	69 18 47 31 24 	16 86 67 55 7 	69 9 68 31 22 	21 3 31 60 72 	86 23 73 46 13 	59 43 62 49 40 	17 10 42 29 50 	17 10 42 29 50 	
15	12/04/1969	27 79 38 36 57 	26 54 65 73 66 	17 7 67 49 27 	23 77 59 65 10 	72 56 23 47 8 	8 56 9 86 79 	32 43 59 65 51 	35 86 19 75 54 	33 75 81 4 15 	77 87 13 2 52 	77 87 13 2 52 	
14	05/04/1969	36 47 27 51 82 	50 43 77 5 64 	3 15 29 41 60 	22 13 71 5 48 	20 7 41 51 30 	46 54 52 82 65 	89 52 60 33 76 	86 16 40 82 88 	55 25 2 66 88 	43 22 26 71 48 	43 22 26 71 48 	
13	29/03/1969	65 90 57 74 22 	87 69 26 6 68 	48 64 50 81 83 	60 18 36 69 47 	17 69 32 53 56 	86 60 67 41 58 	45 51 29 5 12 	38 27 8 70 4 	75 25 64 27 35 	43 49 81 21 23 	43 49 81 21 23 	
12	22/03/1969	2 82 44 38 37 	9 41 24 76 30 	7 72 68 78 63 	54 69 71 7 37 	83 90 65 37 68 	47 59 31 42 10 	83 66 87 29 31 	32 17 21 43 59 	53 85 78 10 67 	48 88 33 16 50 	48 88 33 16 50 	
11	15/03/1969	4 5 38 12 39 	9 11 58 62 36 	5 43 45 27 22 	64 41 44 5 72 	35 54 5 51 25 	35 6 66 90 31 	2 46 9 69 34 	32 15 80 56 7 	64 83 24 55 67 	3 11 82 83 46 	3 11 82 83 46 	
10	08/03/1969	39 51 75 90 31 	30 77 80 54 53 	82 51 48 7 84 	77 49 8 33 19 	81 18 49 46 1 	81 80 44 17 20 	79 32 76 49 18 	78 50 37 54 21 	22 40 21 90 37 	18 51 4 24 90 	18 51 4 24 90 	
9	01/03/1969	54 75 70 8 80 	29 1 74 33 50 	44 66 86 54 75 	22 52 89 78 69 	17 54 15 86 7 	13 14 54 79 9 	15 68 89 28 67 	14 16 68 15 6 	25 20 64 43 49 	37 69 52 8 33 	37 69 52 8 33 	
8	22/02/1969	14 6 11 2 35 	43 17 19 74 41 	34 54 47 84 58 	75 21 90 53 30 	22 43 88 44 21 	88 12 9 17 78 	44 39 87 77 3 	32 25 6 48 66 	87 14 63 11 57 	66 3 29 48 80 	66 3 29 48 80 	
7	15/02/1969	20 27 56 69 37 	38 35 6 62 5 	20 16 84 22 23 	7 30 10 11 46 	19 86 12 6 33 	89 22 63 8 72 	7 88 38 49 78 	40 62 28 55 16 	40 74 76 82 11 	56 8 90 1 57 	56 8 90 1 57 	
6	08/02/1969	25 86 88 19 83 	13 7 18 53 72 	3 32 9 45 60 	36 63 11 89 70 	76 10 52 58 51 	21 37 65 10 70 	21 49 85 35 90 	82 11 42 56 76 	13 43 20 70 62 	13 65 82 22 84 	13 65 82 22 84 	
5	01/02/1969	76 10 45 24 62 	5 31 88 87 74 	89 53 6 57 83 	52 33 46 42 66 	77 72 4 86 61 	40 6 60 72 27 	52 6 46 37 42 	24 82 51 23 59 	3 57 27 37 44 	54 43 17 83 82 	54 43 17 83 82 	
4	25/01/1969	77 51 37 41 85 	84 47 58 53 90 	77 82 85 43 27 	74 88 52 53 36 	28 50 12 53 16 	75 60 2 29 19 	70 55 85 23 57 	46 79 26 33 9 	55 41 75 5 89 	48 6 55 16 50 	48 6 55 16 50 	
3	18/01/1969	54 51 78 56 48 	10 68 5 75 67 	46 49 86 9 50 	73 74 8 75 57 	70 25 52 59 5 	13 23 71 51 76 	67 60 54 73 51 	78 4 14 20 15 	76 29 79 85 35 	85 26 12 20 24 	85 26 12 20 24 	
2	11/01/1969	37 53 21 24 4 	44 19 84 66 49 	42 58 45 73 56 	62 14 44 52 42 	61 72 54 49 42 	81 68 69 50 54 	59 89 64 87 39 	3 12 6 34 83 	70 31 37 79 42 	19 78 52 17 67 	19 78 52 17 67 	
1	04/01/1969	4 2 37 83 64 	46 57 39 88 85 	1 62 50 79 37 	49 9 59 89 29 	83 38 45 27 29 	45 47 67 3 52 	22 39 47 68 67 	64 4 59 57 49 	38 58 61 55 73 	67 88 54 44 25 	67 88 54 44 25 	
