Lotto
Archivio estrazioni Lotto anno 2008 aggiornato al 30/12/2008
Concorso	Data	Bari	Cagliari	Firenze	Genova	Milano	Napoli	Palermo	Roma	Torino	Venezia	Nazionale	
157	30/12/2008	51 40 49 29 34 	18 45 58 10 3 	71 90 23 8 60 	28 66 64 33 2 	40 74 18 89 53 	32 39 88 69 12 	38 34 25 52 29 	23 68 36 80 51 	89 29 76 18 69 	32 48 67 74 9 	52 44 9 10 40 	
156	27/12/2008	31 62 6 46 7 	86 88 45 30 69 	65 73 89 74 45 	79 81 67 12 74 	8 3 11 79 21 	25 58 10 24 84 	90 29 20 88 77 	87 3 9 12 59 	2 19 24 17 86 	28 47 70 11 55 	1 76 87 22 58 	
155	24/12/2008	33 14 8 23 71 	61 52 81 63 1 	32 78 83 10 39 	74 84 23 28 37 	50 20 37 17 54 	82 61 31 49 13 	82 61 18 8 15 	17 56 85 55 64 	29 27 48 51 30 	67 83 6 12 63 	56 14 88 5 65 	
154	23/12/2008	66 61 53 74 18 	14 18 31 80 63 	80 15 25 26 68 	39 61 5 69 52 	45 23 12 26 81 	69 51 43 46 33 	75 14 42 51 24 	30 25 34 11 8 	1 79 87 26 13 	63 36 55 66 84 	52 68 16 25 55 	
153	20/12/2008	85 4 54 65 87 	11 38 70 71 4 	48 29 88 28 4 	71 75 56 43 78 	49 54 8 67 17 	14 53 62 27 18 	12 37 32 53 33 	29 4 50 24 32 	51 30 13 28 89 	79 68 52 87 84 	14 27 1 80 77 	
152	18/12/2008	70 27 10 13 16 	35 66 13 65 5 	9 57 59 88 54 	31 63 64 25 85 	31 56 65 3 49 	26 59 52 13 41 	58 33 81 86 68 	29 62 32 83 27 	71 52 18 72 43 	21 68 10 88 72 	43 38 36 52 72 	
151	16/12/2008	62 48 18 43 44 	71 7 60 43 30 	48 35 76 60 71 	38 32 14 6 82 	90 84 18 62 76 	20 86 23 80 81 	85 41 8 38 23 	17 89 23 8 2 	80 84 48 44 13 	69 41 74 24 72 	39 8 56 44 53 	
150	13/12/2008	28 9 36 13 63 	48 53 20 83 39 	45 25 29 52 61 	43 65 80 79 72 	63 84 37 54 82 	76 88 39 82 89 	61 38 31 40 87 	32 48 79 40 63 	51 44 46 15 4 	43 47 42 64 89 	11 48 56 36 64 	
149	11/12/2008	40 63 33 61 46 	58 60 41 47 82 	72 53 75 76 50 	59 89 3 48 27 	68 64 75 54 40 	84 87 66 2 53 	89 28 2 20 61 	60 87 2 4 5 	24 90 70 42 74 	90 69 32 22 61 	65 43 12 31 85 	
148	09/12/2008	47 88 46 44 74 	49 46 76 13 61 	38 62 27 70 71 	57 65 52 54 64 	1 10 32 66 54 	65 41 87 48 17 	50 25 13 39 38 	58 50 71 44 42 	77 9 36 67 62 	22 35 73 89 80 	45 62 38 67 42 	
147	06/12/2008	54 79 39 72 3 	15 56 22 55 11 	46 33 80 18 2 	41 2 46 15 40 	56 16 89 74 41 	86 3 44 2 7 	46 30 66 61 80 	72 88 71 53 5 	66 24 16 14 59 	22 12 46 14 30 	85 73 27 19 74 	
146	04/12/2008	60 40 83 42 28 	49 12 62 33 1 	66 86 9 81 77 	46 70 5 51 68 	44 29 11 19 66 	81 45 19 18 64 	49 29 16 85 21 	17 55 22 60 66 	46 17 25 2 37 	74 4 17 88 71 	34 58 73 39 26 	
145	02/12/2008	8 32 79 82 77 	18 63 56 85 22 	9 42 41 17 14 	4 48 13 72 34 	17 6 77 3 47 	86 60 3 22 34 	80 62 38 41 77 	33 14 46 51 87 	67 66 82 2 16 	22 66 14 72 54 	6 47 79 76 61 	
144	29/11/2008	2 58 16 71 54 	3 50 2 25 61 	46 1 32 14 27 	15 34 90 67 5 	3 83 72 12 49 	61 69 44 29 39 	80 39 47 54 67 	22 71 33 83 6 	14 85 80 88 46 	49 58 70 74 66 	68 62 30 50 29 	
143	27/11/2008	52 81 6 13 53 	22 58 1 32 44 	48 16 38 87 54 	74 35 53 41 73 	46 38 1 79 68 	27 18 35 49 80 	28 24 80 71 50 	70 78 64 44 56 	5 10 33 80 8 	71 42 35 16 21 	60 6 13 63 48 	
142	25/11/2008	48 74 11 38 89 	90 75 71 47 66 	83 85 84 31 69 	62 14 88 48 8 	61 55 77 15 81 	81 54 17 74 31 	19 35 71 56 3 	73 43 29 36 9 	31 62 35 10 29 	22 13 16 18 57 	73 30 35 37 4 	
141	22/11/2008	30 38 23 6 61 	63 27 32 33 66 	7 74 21 36 15 	24 19 66 4 21 	45 47 29 70 18 	50 79 37 82 16 	74 6 18 31 57 	55 39 20 30 37 	71 7 56 38 30 	60 52 34 32 42 	17 32 62 48 1 	
140	20/11/2008	43 32 82 52 80 	6 65 22 73 71 	59 3 63 40 88 	46 57 9 90 15 	67 51 79 58 20 	39 16 11 13 2 	46 88 63 61 40 	25 5 83 61 10 	57 26 52 60 48 	75 52 7 9 17 	72 18 59 25 10 	
139	18/11/2008	44 43 61 79 85 	77 31 53 38 32 	89 51 35 71 56 	39 20 15 88 25 	7 74 78 12 68 	4 13 68 78 86 	3 46 40 81 41 	52 42 54 41 68 	5 80 37 78 73 	47 46 34 31 9 	46 59 38 27 8 	
138	15/11/2008	5 76 13 48 15 	31 74 36 40 80 	13 52 4 84 82 	28 18 47 44 68 	40 69 83 71 64 	52 30 90 61 21 	7 3 42 18 64 	84 20 3 29 46 	17 50 31 14 84 	37 26 47 9 55 	21 81 73 64 67 	
137	13/11/2008	86 23 76 28 14 	29 24 47 14 51 	80 49 82 43 89 	49 89 22 66 79 	17 15 35 61 82 	31 89 12 77 58 	86 24 37 40 83 	15 84 16 9 46 	31 75 47 88 54 	52 51 32 2 7 	48 51 59 4 34 	
136	11/11/2008	65 48 15 84 72 	41 35 47 70 87 	22 28 73 64 14 	52 6 64 7 90 	48 66 82 12 20 	61 71 82 13 85 	10 34 78 90 47 	6 7 45 14 31 	83 27 82 28 84 	58 9 19 11 16 	70 87 78 21 35 	
135	08/11/2008	33 10 85 77 34 	34 39 56 50 49 	3 47 48 20 70 	28 46 68 84 19 	52 76 45 68 88 	37 55 38 42 82 	54 66 40 24 76 	31 87 41 53 81 	31 19 57 42 59 	17 66 30 62 39 	42 6 19 40 22 	
134	06/11/2008	39 87 53 80 11 	12 36 43 20 51 	31 74 59 78 63 	27 70 9 38 82 	81 78 59 30 16 	24 82 28 80 29 	26 80 37 17 84 	49 47 70 24 16 	26 76 27 45 23 	89 8 78 57 79 	29 76 12 83 18 	
133	04/11/2008	57 25 46 39 69 	51 4 11 66 47 	6 48 18 69 78 	14 58 77 21 50 	32 12 26 79 17 	85 43 30 28 87 	39 7 55 13 19 	28 4 45 37 69 	89 9 44 84 50 	47 62 54 2 50 	51 15 76 25 81 	
132	03/11/2008	52 66 65 55 27 	43 90 6 11 8 	16 88 15 82 51 	89 68 56 16 22 	21 51 73 44 58 	42 49 53 79 19 	66 63 67 2 61 	33 71 9 46 28 	10 65 85 55 61 	19 68 39 12 53 	75 45 33 25 90 	
131	30/10/2008	41 46 76 74 49 	75 68 60 12 22 	75 21 5 38 25 	65 47 70 81 63 	2 65 48 53 56 	25 71 18 6 79 	55 63 23 40 35 	26 73 44 78 25 	44 76 60 80 14 	59 8 74 79 11 	15 18 66 79 20 	
130	28/10/2008	5 71 22 80 90 	78 33 83 28 59 	88 63 75 65 56 	74 52 43 37 29 	80 46 39 29 17 	50 90 75 45 6 	82 47 57 67 55 	9 28 8 82 34 	12 14 5 2 60 	89 51 50 19 18 	18 44 83 64 27 	
129	25/10/2008	32 77 81 3 15 	90 45 24 64 42 	16 57 4 36 70 	5 1 6 7 36 	85 42 53 41 65 	13 3 42 88 79 	71 81 22 33 2 	28 74 87 75 50 	38 70 33 60 9 	78 73 69 67 19 	67 16 52 19 4 	
128	23/10/2008	21 14 5 20 88 	89 1 80 47 57 	7 61 88 24 23 	47 35 28 38 80 	75 39 40 63 43 	81 7 21 48 47 	74 20 56 43 81 	20 41 54 52 71 	33 69 75 53 86 	33 58 9 62 90 	10 21 33 68 71 	
127	21/10/2008	86 75 22 73 81 	68 71 49 7 6 	78 29 87 53 7 	64 27 2 40 57 	4 82 78 9 55 	81 84 60 40 16 	47 89 65 16 86 	76 50 58 45 71 	38 22 25 20 85 	6 34 64 70 35 	49 57 65 67 8 	
126	18/10/2008	33 63 74 14 38 	30 23 32 62 4 	58 76 46 29 71 	82 50 72 59 44 	8 68 41 14 46 	48 58 8 88 13 	25 26 71 12 61 	90 27 64 78 88 	81 45 74 5 7 	53 57 52 20 32 	63 70 88 39 74 	
125	16/10/2008	61 19 43 5 65 	87 40 68 47 84 	23 14 57 61 18 	36 76 65 13 74 	1 63 88 35 62 	22 70 36 55 13 	82 27 42 9 26 	20 81 71 22 84 	12 82 51 60 84 	70 26 58 62 37 	58 7 17 45 75 	
124	14/10/2008	46 56 79 38 72 	29 65 18 55 41 	70 64 58 67 89 	45 75 49 4 64 	14 57 87 24 15 	61 76 42 77 39 	43 36 89 35 67 	11 60 44 41 86 	46 85 1 3 26 	82 77 89 83 6 	73 88 78 87 22 	
123	11/10/2008	68 3 14 18 87 	67 21 5 16 40 	35 43 85 28 87 	81 29 12 67 68 	7 18 86 3 71 	61 89 66 82 31 	67 56 2 26 84 	9 39 40 20 45 	8 23 71 31 1 	53 84 32 10 55 	26 41 44 15 30 	
122	09/10/2008	20 90 10 74 17 	7 16 46 51 67 	19 55 15 5 59 	73 43 51 72 49 	24 78 83 44 7 	44 72 36 40 66 	4 88 75 11 78 	55 37 76 7 79 	86 40 52 9 62 	80 32 27 54 8 	80 36 38 53 33 	
121	07/10/2008	21 60 16 85 41 	21 81 28 72 38 	16 26 82 9 48 	8 80 27 7 39 	66 16 62 1 32 	79 41 72 2 30 	60 82 24 72 64 	24 55 18 1 62 	56 80 69 7 51 	82 63 42 31 44 	44 11 38 81 80 	
120	04/10/2008	31 67 35 25 30 	2 4 65 58 40 	81 77 62 83 37 	3 86 79 19 14 	80 75 32 24 13 	88 27 43 38 76 	81 58 28 73 47 	89 67 71 44 51 	35 66 61 65 11 	65 51 8 37 78 	79 9 65 23 85 	
119	02/10/2008	74 16 87 22 36 	79 5 12 87 76 	41 56 84 1 67 	58 64 85 5 17 	59 69 42 61 29 	68 83 77 30 4 	86 83 82 89 42 	2 47 29 89 20 	1 67 23 28 31 	31 33 18 86 22 	56 14 76 36 18 	
118	30/09/2008	43 56 72 11 40 	64 83 17 8 54 	34 70 46 66 79 	56 45 22 12 8 	53 12 52 20 62 	5 46 39 2 15 	71 61 60 66 82 	78 24 15 61 21 	70 77 57 9 47 	73 28 57 69 1 	28 84 9 46 52 	
117	27/09/2008	16 87 45 52 25 	9 82 50 75 20 	3 39 53 14 18 	87 85 24 68 79 	80 49 13 59 53 	20 29 78 36 16 	60 43 44 88 89 	55 47 42 66 87 	65 4 40 6 18 	52 83 18 48 37 	10 21 80 68 26 	
116	25/09/2008	81 84 90 36 37 	73 28 57 17 70 	77 50 71 2 24 	70 28 17 73 2 	51 50 66 17 3 	53 89 32 42 12 	25 83 21 69 30 	72 8 11 84 65 	63 8 61 47 51 	83 13 42 10 26 	19 60 35 77 84 	
115	23/09/2008	8 70 71 44 39 	71 62 28 18 1 	31 57 70 85 38 	17 7 26 20 51 	22 16 66 23 79 	58 15 46 19 64 	63 85 23 62 53 	39 20 63 56 89 	18 47 74 1 56 	42 85 8 60 7 	48 17 75 20 54 	
114	20/09/2008	77 15 17 61 41 	63 62 41 74 64 	85 33 18 31 84 	3 12 4 85 14 	36 51 78 22 23 	12 39 67 1 75 	73 29 82 60 26 	7 18 15 13 68 	79 38 81 87 14 	1 73 84 20 53 	80 47 35 10 50 	
113	18/09/2008	21 44 27 53 88 	17 52 51 19 50 	15 83 20 39 78 	44 65 58 70 31 	18 67 30 23 15 	57 10 34 87 41 	59 75 23 21 78 	57 61 54 16 60 	1 17 37 43 20 	57 19 45 17 42 	56 19 5 80 22 	
112	16/09/2008	32 54 43 90 40 	77 52 67 6 75 	41 82 64 86 22 	35 42 15 69 22 	67 24 42 56 68 	21 81 16 62 64 	30 37 83 87 85 	47 53 84 67 16 	62 31 73 50 79 	49 68 44 15 11 	24 30 32 86 39 	
111	13/09/2008	67 44 51 14 12 	23 24 90 17 11 	80 47 11 66 25 	68 88 73 9 45 	38 31 83 89 58 	58 51 73 16 64 	28 47 74 20 42 	41 84 45 72 6 	75 48 36 23 9 	85 83 71 10 4 	79 39 43 31 82 	
110	11/09/2008	27 5 73 87 79 	70 54 52 72 42 	78 2 69 9 73 	27 78 22 11 9 	31 37 36 70 34 	53 65 2 48 15 	35 75 13 48 62 	54 46 21 86 63 	29 73 22 35 75 	45 90 15 74 52 	27 86 59 87 13 	
109	09/09/2008	43 89 5 42 82 	78 29 47 58 7 	20 22 64 59 35 	20 36 63 41 78 	1 90 16 24 78 	3 57 34 68 71 	78 42 2 68 61 	51 73 28 80 61 	29 7 31 82 10 	12 3 45 80 28 	83 90 33 19 86 	
108	06/09/2008	33 23 26 35 7 	15 76 35 81 50 	52 37 50 44 32 	7 39 24 12 50 	71 45 57 49 82 	2 84 3 86 65 	22 62 6 90 13 	42 7 83 66 19 	39 64 82 86 34 	72 55 9 39 30 	86 13 89 30 55 	
107	04/09/2008	6 83 67 3 90 	73 42 67 48 40 	80 71 83 81 10 	90 35 30 47 72 	80 1 62 5 23 	27 66 23 35 48 	27 11 22 39 86 	65 74 68 48 67 	2 60 39 35 81 	21 5 76 22 12 	39 87 14 26 25 	
106	02/09/2008	88 28 22 2 38 	72 10 26 79 34 	78 43 40 42 20 	6 76 40 77 34 	6 35 72 10 54 	29 52 38 17 62 	30 80 33 35 20 	81 29 90 18 66 	37 84 5 75 35 	26 56 6 85 74 	27 25 36 51 75 	
105	30/08/2008	33 51 23 50 71 	71 81 69 37 24 	36 57 9 37 29 	68 40 2 71 13 	38 26 16 55 31 	33 73 83 37 88 	26 90 63 60 38 	24 4 1 53 52 	33 54 9 76 19 	74 36 46 2 62 	29 44 61 47 74 	
104	28/08/2008	36 21 14 50 30 	17 74 33 85 26 	58 19 79 89 32 	26 12 40 71 74 	18 43 54 15 39 	39 13 64 68 90 	19 39 21 3 50 	39 88 38 53 19 	20 70 48 78 3 	53 51 52 58 55 	16 79 48 20 55 	
103	26/08/2008	50 82 63 19 48 	79 65 89 38 43 	28 73 41 48 86 	55 13 70 14 47 	87 32 65 16 36 	23 43 67 29 14 	7 64 88 48 53 	80 17 15 63 22 	56 38 65 18 25 	27 46 34 67 10 	63 88 13 65 49 	
102	23/08/2008	75 22 81 49 24 	11 89 30 66 28 	21 20 62 11 46 	28 73 30 14 61 	31 68 87 66 71 	37 80 46 26 24 	64 54 35 74 43 	88 84 81 43 58 	44 13 89 47 5 	41 23 75 54 4 	27 35 87 5 45 	
101	21/08/2008	75 70 42 44 36 	52 44 15 59 63 	62 41 60 72 12 	60 5 26 41 2 	2 63 27 47 87 	37 23 65 21 32 	4 20 54 47 10 	11 55 63 85 9 	9 36 25 73 48 	19 70 11 53 26 	25 69 75 27 78 	
100	19/08/2008	79 90 22 85 61 	22 63 20 18 70 	7 49 75 27 46 	86 34 84 62 53 	13 60 89 7 42 	66 75 23 86 27 	5 6 41 21 2 	33 21 10 90 55 	6 58 63 49 4 	84 77 36 39 22 	27 28 61 75 46 	
99	16/08/2008	10 9 61 50 89 	24 21 5 69 49 	77 42 48 76 23 	77 66 64 68 13 	35 17 45 9 39 	64 5 43 83 32 	89 11 21 15 53 	7 72 4 33 25 	30 21 43 51 69 	21 71 61 5 1 	83 8 42 19 6 	
98	14/08/2008	75 49 78 47 58 	37 6 1 34 27 	30 39 22 6 47 	72 55 13 14 32 	19 54 8 25 47 	32 76 48 71 44 	52 50 6 10 55 	8 81 54 43 62 	82 42 83 17 66 	85 38 59 12 48 	79 46 48 31 40 	
97	12/08/2008	69 24 72 26 55 	16 78 70 40 28 	26 19 32 17 1 	20 1 10 5 2 	12 82 43 37 41 	69 65 18 72 85 	50 4 61 75 48 	24 5 11 32 34 	46 20 30 55 1 	51 9 7 58 88 	51 24 18 9 83 	
96	09/08/2008	11 42 67 14 19 	61 58 14 29 71 	2 56 1 81 74 	33 78 31 15 88 	39 21 19 82 77 	23 78 63 41 64 	47 63 62 28 4 	21 53 47 16 65 	17 83 85 20 55 	72 38 37 80 42 	31 57 42 63 66 	
95	07/08/2008	82 68 84 45 75 	82 64 46 47 78 	30 29 33 58 32 	1 51 17 33 22 	19 4 30 83 75 	52 18 19 24 88 	70 62 32 12 48 	66 10 22 45 40 	74 33 28 53 61 	84 52 50 59 79 	33 9 76 25 84 	
94	05/08/2008	1 10 40 84 78 	72 90 34 53 33 	37 87 43 27 17 	46 81 86 20 1 	36 33 14 87 3 	60 65 35 51 84 	30 88 58 55 74 	88 65 90 75 83 	25 3 66 8 86 	27 59 24 60 84 	28 74 56 5 38 	
93	02/08/2008	85 45 79 47 2 	33 63 86 82 80 	82 55 45 36 14 	83 16 74 90 43 	71 83 8 3 59 	49 25 77 73 47 	35 60 55 52 42 	68 31 90 12 53 	66 58 10 76 67 	31 59 8 80 84 	48 80 7 67 17 	
92	31/07/2008	67 54 77 2 69 	53 21 39 20 44 	81 67 32 86 5 	16 62 49 58 1 	71 70 22 50 55 	20 63 3 19 72 	88 61 55 76 74 	84 41 87 52 18 	63 49 9 30 27 	7 27 28 47 58 	27 14 59 1 23 	
91	29/07/2008	57 28 15 50 19 	48 69 66 22 13 	28 6 56 27 29 	88 69 56 9 66 	53 40 81 69 51 	37 56 51 32 57 	14 27 67 77 71 	47 52 86 45 85 	17 12 21 80 73 	88 71 46 57 1 	23 9 69 59 80 	
90	26/07/2008	66 90 50 79 42 	55 38 31 76 67 	86 9 54 38 30 	60 85 32 11 12 	68 73 84 7 4 	44 70 90 48 65 	77 81 75 63 68 	6 85 26 80 19 	43 87 15 30 58 	20 66 25 7 38 	17 23 39 13 80 	
89	24/07/2008	58 25 85 9 40 	17 20 2 15 31 	57 9 32 83 43 	57 35 5 25 39 	25 85 76 28 63 	15 36 24 29 89 	39 62 80 45 81 	17 56 13 32 28 	80 73 13 76 86 	24 2 5 56 47 	18 39 72 62 42 	
88	22/07/2008	90 78 55 12 31 	74 52 44 2 31 	49 78 58 33 62 	17 4 84 31 51 	87 52 18 26 75 	78 59 71 9 82 	87 35 75 50 51 	56 31 52 72 24 	33 16 48 69 66 	10 2 45 29 27 	59 65 75 70 87 	
87	19/07/2008	34 90 8 22 24 	57 73 64 6 18 	44 7 53 78 64 	45 9 80 54 28 	63 13 44 10 53 	4 13 64 7 82 	52 84 53 85 23 	63 33 23 55 74 	67 57 31 75 32 	27 6 55 42 78 	53 40 19 81 36 	
86	17/07/2008	86 50 18 38 12 	51 49 90 53 25 	90 53 44 82 83 	4 87 59 60 30 	8 37 4 83 63 	34 81 31 83 37 	28 72 9 24 86 	63 20 15 53 17 	53 88 61 7 3 	15 30 71 3 55 	89 60 4 72 54 	
85	15/07/2008	61 39 60 81 77 	81 39 26 18 75 	60 25 74 1 85 	54 30 32 31 14 	68 12 35 37 87 	21 41 49 2 55 	57 35 88 26 20 	40 58 23 89 11 	50 43 51 31 89 	9 87 50 23 84 	68 34 41 57 38 	
84	12/07/2008	67 76 13 25 78 	29 56 15 50 52 	31 8 62 24 58 	55 58 50 41 63 	82 20 57 47 88 	16 71 67 51 76 	26 30 8 39 69 	74 6 31 47 89 	75 22 32 38 14 	18 19 27 60 64 	74 59 14 65 84 	
83	10/07/2008	11 72 55 82 63 	60 35 83 66 75 	63 84 81 83 66 	34 76 39 40 2 	55 45 41 17 42 	52 19 8 43 64 	39 2 88 42 18 	22 9 25 20 5 	28 67 14 37 72 	39 24 3 12 64 	6 53 57 25 28 	
82	08/07/2008	1 84 47 68 10 	58 62 45 59 53 	49 87 20 42 58 	52 78 80 31 11 	74 77 9 45 82 	26 88 65 56 27 	87 52 10 71 29 	82 2 70 35 66 	25 6 19 72 22 	81 5 4 50 18 	74 14 57 11 64 	
81	05/07/2008	69 15 51 30 89 	43 59 15 8 5 	81 46 62 55 48 	4 19 21 46 68 	9 72 56 33 46 	77 59 35 83 8 	72 41 14 27 90 	70 63 43 2 57 	28 16 39 55 90 	39 73 17 48 16 	1 20 27 63 44 	
80	03/07/2008	42 37 43 54 85 	66 71 29 77 74 	64 54 6 53 22 	78 8 43 27 24 	65 37 74 17 36 	19 45 70 29 31 	41 79 59 22 62 	32 89 20 50 53 	82 19 2 85 77 	75 72 33 90 34 	81 61 85 15 9 	
79	01/07/2008	1 54 13 2 51 	47 89 31 36 74 	74 38 15 77 24 	27 55 38 72 48 	38 14 52 42 72 	54 50 70 23 24 	63 13 66 30 61 	66 81 71 72 52 	8 64 20 61 26 	13 29 82 83 24 	22 76 28 10 65 	
78	28/06/2008	42 83 52 13 79 	73 32 84 88 50 	48 89 88 41 67 	41 52 88 37 67 	25 66 72 80 70 	6 9 48 16 47 	52 18 61 21 24 	19 72 57 90 73 	32 55 59 67 26 	56 76 49 21 34 	57 7 17 54 62 	
77	26/06/2008	12 79 44 19 38 	23 32 74 72 45 	61 18 47 45 83 	71 22 90 80 24 	84 16 17 28 35 	35 14 89 2 65 	4 25 57 84 56 	66 9 28 61 42 	20 40 13 83 38 	84 79 73 89 41 	75 34 3 33 42 	
76	24/06/2008	57 24 63 71 45 	68 59 41 19 73 	25 62 33 10 83 	89 30 58 88 68 	57 58 18 51 17 	56 65 14 40 9 	54 29 10 72 31 	13 12 74 64 54 	70 90 10 27 8 	56 31 40 22 8 	15 13 17 53 6 	
75	21/06/2008	64 56 53 22 85 	61 60 13 48 77 	16 29 35 68 13 	42 47 46 30 31 	42 23 77 87 5 	8 81 23 22 46 	74 16 32 22 76 	72 8 54 87 11 	7 52 79 85 56 	53 24 26 67 82 	74 83 11 39 30 	
74	19/06/2008	47 87 54 70 51 	44 67 46 73 77 	18 60 63 65 58 	27 74 36 88 46 	80 5 10 45 23 	31 35 40 9 45 	75 36 30 40 26 	59 36 42 4 64 	40 24 77 16 42 	79 62 13 81 83 	73 40 30 77 32 	
73	17/06/2008	8 87 59 80 88 	60 17 87 88 90 	14 73 67 29 36 	61 27 19 59 13 	46 30 57 39 42 	51 2 50 1 52 	39 1 3 9 62 	11 38 61 6 56 	37 76 88 73 2 	57 73 71 34 12 	2 18 8 20 19 	
72	14/06/2008	50 6 33 88 59 	55 83 82 67 9 	46 12 16 9 28 	36 90 35 21 12 	80 46 57 36 12 	20 84 41 57 75 	3 21 34 80 39 	6 74 67 37 69 	14 83 73 65 72 	86 38 15 21 27 	2 24 71 12 66 	
71	12/06/2008	10 24 78 72 34 	63 30 25 79 75 	80 87 55 20 46 	84 65 81 3 47 	17 87 26 89 46 	57 61 69 46 1 	65 12 66 1 13 	15 35 48 20 27 	84 77 39 16 59 	1 55 28 51 56 	47 16 37 65 71 	
70	10/06/2008	4 34 37 53 74 	28 89 57 8 43 	70 79 27 76 89 	7 43 83 69 42 	62 52 59 7 2 	67 20 69 90 75 	67 84 17 56 7 	69 84 23 57 77 	26 20 16 10 23 	23 25 76 72 34 	31 13 6 60 46 	
69	07/06/2008	70 38 78 3 72 	22 29 65 53 39 	10 69 61 14 79 	52 4 16 54 7 	66 2 90 11 24 	26 36 39 58 90 	53 15 30 4 35 	78 40 22 36 18 	79 46 14 19 56 	75 25 41 7 38 	64 41 58 80 71 	
68	05/06/2008	22 76 88 56 13 	55 78 23 4 19 	40 8 58 32 49 	72 81 67 24 36 	13 60 67 75 16 	51 13 23 64 53 	86 62 16 88 36 	41 16 81 21 23 	48 36 64 12 47 	6 40 28 10 19 	26 63 78 84 34 	
67	03/06/2008	32 19 40 78 8 	57 21 90 20 43 	2 40 46 27 3 	71 73 17 44 79 	89 4 65 28 90 	26 81 13 51 75 	63 40 1 10 27 	30 40 32 23 20 	82 72 11 89 86 	56 39 73 50 60 	82 33 48 8 38 	
66	31/05/2008	8 18 28 3 69 	24 50 29 19 4 	84 30 63 26 73 	87 69 52 49 17 	39 6 11 87 55 	16 39 1 21 68 	86 62 1 43 8 	63 35 28 90 18 	86 19 21 74 72 	34 52 19 85 84 	48 89 55 36 28 	
65	29/05/2008	40 86 51 56 50 	33 56 15 52 13 	30 33 45 27 60 	38 5 54 45 40 	58 23 72 87 65 	75 2 38 76 59 	79 46 35 73 40 	7 16 18 22 25 	85 77 79 76 39 	84 67 6 29 7 	78 18 72 75 8 	
64	27/05/2008	85 63 8 89 49 	84 57 14 60 81 	10 9 75 30 1 	42 88 19 16 64 	7 84 42 88 67 	50 25 34 77 55 	51 10 45 68 31 	80 9 78 61 51 	10 42 15 9 28 	60 86 46 31 49 	46 17 47 3 55 	
63	24/05/2008	6 14 31 56 19 	69 16 26 58 42 	43 88 85 24 76 	20 86 66 64 21 	90 9 80 53 27 	16 6 2 19 79 	32 2 48 78 1 	28 31 34 51 7 	9 24 87 48 19 	73 62 56 16 11 	27 52 86 76 69 	
62	22/05/2008	22 42 47 72 69 	62 82 30 61 54 	63 35 50 3 9 	89 65 12 6 73 	90 44 78 6 69 	81 50 19 13 15 	66 15 86 38 14 	73 23 2 26 88 	42 13 57 30 59 	47 54 86 25 66 	43 64 81 76 18 	
61	20/05/2008	88 19 77 53 59 	14 22 64 67 28 	57 66 20 25 39 	70 61 14 19 4 	62 16 65 81 52 	42 47 6 36 64 	67 68 21 1 42 	40 45 30 41 51 	22 16 43 26 20 	3 48 84 30 85 	49 29 50 83 78 	
60	17/05/2008	8 34 18 19 49 	38 73 61 3 76 	87 63 48 35 16 	77 41 3 57 68 	53 55 37 36 74 	66 51 68 46 79 	65 12 53 81 64 	80 46 24 20 53 	1 86 50 90 20 	3 15 90 54 73 	20 67 54 26 68 	
59	15/05/2008	31 42 67 55 72 	81 58 45 35 67 	87 71 12 26 39 	56 23 54 32 82 	57 64 86 66 17 	7 77 83 18 5 	38 54 57 33 46 	84 49 74 4 72 	67 19 40 44 56 	86 27 22 17 79 	71 59 69 51 84 	
58	13/05/2008	33 27 35 13 8 	43 48 88 58 55 	80 28 8 32 14 	23 18 83 7 87 	89 78 81 39 58 	39 26 51 52 29 	28 56 42 50 36 	40 43 84 2 52 	49 81 14 90 32 	82 17 90 12 31 	12 32 8 55 5 	
57	10/05/2008	44 88 15 48 33 	56 73 12 10 83 	1 65 2 77 73 	50 44 73 21 81 	82 87 33 75 4 	25 51 34 20 75 	89 8 11 88 74 	4 60 37 78 27 	3 75 48 7 90 	23 33 25 48 58 	50 73 33 87 57 	
56	08/05/2008	52 64 23 55 82 	7 34 47 56 84 	8 40 50 26 2 	51 67 38 32 72 	33 75 36 16 27 	47 40 12 43 16 	29 65 6 69 30 	56 68 69 10 1 	88 74 68 47 61 	59 34 55 27 49 	19 7 20 84 48 	
55	06/05/2008	90 67 64 3 47 	26 45 56 62 66 	75 62 38 10 88 	44 49 68 53 33 	7 72 17 78 21 	80 57 54 85 36 	72 84 15 36 2 	90 80 71 7 14 	79 43 27 59 13 	85 47 84 17 11 	55 5 67 37 77 	
54	03/05/2008	38 60 51 27 78 	20 80 33 5 27 	64 87 68 15 14 	72 27 68 84 82 	8 76 22 75 48 	39 69 59 38 22 	52 78 6 15 31 	70 86 43 65 80 	88 62 34 83 46 	73 40 37 21 54 	39 28 19 11 52 	
53	02/05/2008	51 89 75 78 59 	1 4 54 86 66 	36 39 55 56 80 	67 72 15 79 53 	40 24 2 46 53 	71 1 88 13 7 	38 13 42 21 53 	53 55 39 62 77 	53 89 64 11 79 	8 69 36 56 54 	58 26 46 56 24 	
52	29/04/2008	28 12 69 9 2 	12 20 31 87 40 	79 50 31 6 35 	45 39 62 17 73 	54 10 9 72 31 	33 53 13 45 22 	76 67 50 16 18 	42 18 55 48 56 	60 7 66 42 79 	68 76 78 61 48 	62 34 81 39 37 	
51	26/04/2008	72 3 39 44 35 	48 84 30 44 78 	81 33 8 9 73 	69 28 51 22 30 	56 9 48 72 35 	83 60 17 52 34 	86 16 44 4 15 	64 12 24 63 81 	27 54 65 58 43 	32 66 76 80 30 	25 48 59 20 38 	
50	24/04/2008	49 50 67 26 28 	11 58 52 32 72 	89 67 5 88 48 	78 5 32 33 51 	36 15 81 60 78 	43 67 26 11 18 	47 58 64 51 36 	84 25 15 42 88 	62 26 30 9 52 	51 60 18 26 47 	25 64 2 16 89 	
49	22/04/2008	62 11 86 29 8 	28 26 14 84 22 	54 62 37 10 51 	89 7 11 36 12 	18 30 63 16 88 	88 24 49 3 29 	90 57 85 89 50 	80 84 86 72 59 	2 10 22 57 54 	24 44 28 51 1 	58 23 26 57 78 	
48	19/04/2008	52 63 50 47 19 	80 72 78 81 63 	22 24 40 6 26 	88 31 73 54 47 	32 88 2 3 21 	41 53 75 77 60 	30 49 78 76 69 	29 16 12 38 70 	51 22 8 19 74 	42 50 73 53 10 	7 49 73 2 59 	
47	17/04/2008	8 3 65 28 53 	86 65 26 32 10 	71 70 75 4 52 	74 15 42 36 67 	36 29 57 6 90 	87 35 73 30 70 	74 50 68 80 34 	14 11 40 65 67 	5 88 37 78 46 	14 18 88 23 15 	29 15 11 27 56 	
46	15/04/2008	2 22 75 49 82 	37 79 55 64 36 	25 17 6 76 62 	1 40 4 30 79 	31 10 41 44 11 	46 33 17 2 45 	59 89 52 23 44 	28 44 39 84 5 	43 18 61 83 3 	22 65 24 67 40 	25 87 43 16 5 	
45	12/04/2008	90 46 25 54 75 	76 38 89 3 64 	74 24 7 57 11 	24 22 51 67 37 	5 90 3 21 47 	58 52 11 18 72 	90 34 85 55 15 	55 8 87 4 46 	79 31 24 75 54 	8 53 83 68 21 	33 83 67 27 3 	
44	10/04/2008	54 58 71 84 80 	18 78 72 10 88 	79 6 38 51 61 	58 63 75 47 70 	34 53 51 8 16 	76 13 20 33 43 	72 12 74 39 59 	85 34 64 37 58 	37 75 28 2 19 	78 6 79 37 65 	10 42 40 12 79 	
43	08/04/2008	12 24 55 46 53 	50 22 20 40 39 	51 68 7 40 58 	62 13 29 46 67 	56 44 21 81 17 	49 42 39 79 1 	74 90 48 33 46 	21 18 82 60 46 	28 79 4 40 72 	8 35 17 28 87 	76 15 67 25 43 	
42	05/04/2008	62 4 19 43 48 	41 53 23 84 43 	72 31 6 13 64 	79 3 14 71 58 	79 88 64 63 43 	52 32 16 49 34 	29 11 25 45 39 	51 36 56 54 12 	41 57 44 27 2 	34 70 83 11 67 	43 86 76 50 65 	
41	03/04/2008	69 62 38 83 64 	2 35 41 20 68 	37 11 74 51 32 	73 64 2 55 24 	9 7 15 10 8 	61 68 5 34 71 	84 6 52 79 86 	40 65 75 3 46 	39 14 90 42 4 	35 19 23 68 82 	36 25 59 33 71 	
40	01/04/2008	61 87 82 70 6 	85 24 26 11 33 	5 71 66 35 49 	64 27 21 31 36 	84 81 66 40 69 	9 31 54 44 11 	57 19 75 50 54 	53 31 35 42 75 	60 41 81 61 88 	78 62 77 69 48 	2 3 20 9 50 	
39	29/03/2008	46 67 61 52 40 	70 47 68 10 84 	1 89 8 76 77 	28 61 79 10 15 	33 3 78 52 24 	17 78 52 76 13 	46 62 53 49 9 	34 46 48 88 72 	42 90 45 7 51 	3 9 46 85 52 	17 74 25 79 83 	
38	27/03/2008	34 14 80 50 36 	59 10 13 78 42 	11 9 62 19 68 	38 54 23 18 90 	82 36 1 39 59 	58 15 53 70 56 	46 57 26 77 40 	77 74 11 1 50 	83 61 87 64 85 	50 90 36 32 45 	27 20 53 73 12 	
37	25/03/2008	75 78 70 30 2 	28 83 34 90 30 	79 36 55 35 16 	38 52 79 9 22 	8 6 10 50 24 	36 27 56 25 75 	76 81 1 60 72 	83 50 34 1 56 	62 48 74 9 83 	36 65 2 42 70 	58 39 82 65 7 	
36	22/03/2008	72 31 40 9 7 	89 1 25 71 85 	47 67 19 1 70 	13 5 56 22 36 	85 19 8 14 44 	87 74 32 15 9 	30 40 43 37 50 	30 37 7 39 20 	5 75 77 89 12 	71 77 18 58 39 	34 52 15 53 13 	
35	20/03/2008	71 42 43 58 26 	81 51 25 41 15 	5 22 57 69 1 	28 63 15 65 75 	80 65 56 16 50 	38 57 22 36 30 	37 45 29 42 10 	59 10 14 73 90 	60 26 22 33 64 	43 56 77 64 51 	33 32 19 30 60 	
34	18/03/2008	84 50 70 51 30 	60 36 78 45 87 	71 63 82 31 9 	67 30 76 42 8 	38 7 55 39 65 	41 40 78 80 30 	27 49 83 33 65 	36 74 17 56 34 	67 72 29 86 26 	6 64 12 76 89 	37 35 85 90 11 	
33	15/03/2008	55 20 70 27 10 	8 42 26 15 41 	32 75 59 34 12 	6 13 42 61 82 	7 24 80 45 52 	83 82 24 50 54 	61 9 71 86 78 	49 60 72 68 37 	26 28 53 42 49 	64 21 22 61 90 	82 11 58 15 6 	
32	13/03/2008	74 1 40 84 60 	74 23 50 30 88 	50 75 41 10 25 	37 87 16 40 7 	71 74 72 54 24 	62 35 66 76 61 	72 49 46 22 48 	61 32 28 23 16 	12 90 37 84 83 	59 61 47 29 75 	9 40 88 74 42 	
31	11/03/2008	88 53 78 15 73 	74 33 80 43 47 	51 81 8 85 54 	74 76 2 27 47 	61 31 69 17 21 	41 83 20 89 58 	75 87 49 44 77 	66 81 44 35 82 	84 75 35 81 58 	27 69 18 47 58 	71 58 46 43 40 	
30	08/03/2008	39 22 65 36 63 	61 75 64 47 8 	83 85 32 89 20 	20 81 61 18 5 	4 27 60 41 65 	21 11 28 18 55 	59 75 31 85 25 	12 24 23 8 18 	7 46 63 35 14 	64 27 55 78 42 	63 38 50 17 12 	
29	06/03/2008	60 49 15 42 68 	31 71 82 42 37 	1 82 77 85 30 	39 56 57 7 12 	61 47 32 46 44 	51 10 21 23 58 	32 69 62 54 87 	16 76 62 3 54 	4 22 64 27 19 	78 43 8 14 16 	11 25 26 55 74 	
28	04/03/2008	85 22 78 38 64 	52 16 59 12 56 	63 20 65 67 44 	58 88 59 64 42 	12 82 10 27 20 	54 13 45 90 16 	32 1 78 54 40 	64 53 33 23 72 	65 56 84 29 51 	62 15 44 73 8 	77 30 64 87 12 	
27	01/03/2008	71 37 67 87 64 	81 86 71 73 15 	69 12 31 39 88 	3 62 26 4 5 	30 24 12 27 86 	23 27 59 63 16 	67 33 5 73 37 	33 82 86 52 50 	32 15 9 63 4 	61 86 53 50 45 	56 57 7 27 6 	
26	28/02/2008	73 4 60 42 72 	11 12 29 32 17 	58 33 24 62 39 	13 63 12 26 55 	6 88 53 38 76 	56 50 78 25 20 	5 86 89 88 56 	2 84 85 50 42 	42 69 76 87 79 	3 22 61 10 38 	38 40 75 53 46 	
25	26/02/2008	2 57 16 46 3 	42 47 43 78 6 	82 49 90 53 34 	19 44 14 18 65 	73 57 78 65 7 	40 74 28 60 55 	60 54 23 47 1 	11 76 71 33 12 	23 10 60 32 72 	74 72 86 88 65 	50 45 38 76 22 	
24	23/02/2008	76 32 71 25 38 	17 68 70 42 1 	13 2 74 82 27 	83 41 79 59 69 	62 80 33 9 75 	80 32 79 48 50 	11 30 51 85 89 	25 63 87 6 58 	80 27 76 2 11 	18 74 39 67 70 	54 78 15 5 26 	
23	21/02/2008	43 47 26 66 12 	79 61 41 73 15 	27 13 14 23 49 	22 2 89 43 46 	51 56 58 55 59 	46 25 19 42 28 	52 56 11 88 78 	72 60 81 23 34 	86 47 60 77 54 	83 7 38 52 63 	32 35 67 9 63 	
22	19/02/2008	35 55 83 56 44 	15 79 41 39 78 	66 59 20 60 71 	38 54 86 17 85 	2 55 63 83 28 	60 37 76 8 45 	18 51 22 9 35 	53 70 28 33 30 	43 52 24 82 48 	32 17 12 28 14 	45 51 68 46 26 	
21	16/02/2008	52 63 66 33 70 	10 59 87 1 73 	81 70 76 29 23 	23 68 73 59 18 	60 53 14 11 25 	16 13 65 11 86 	80 10 53 54 62 	17 10 44 8 58 	43 40 68 88 36 	29 79 83 50 89 	52 17 66 15 32 	
20	14/02/2008	30 69 81 9 8 	59 82 23 40 66 	4 59 80 10 47 	78 58 89 87 63 	74 40 48 30 69 	73 80 5 88 59 	73 69 80 12 19 	18 89 71 5 20 	16 52 69 9 51 	78 46 73 71 51 	52 18 10 44 23 	
19	12/02/2008	68 30 85 46 34 	19 62 17 58 10 	16 8 80 35 20 	53 55 90 3 66 	8 44 61 81 66 	64 30 38 3 80 	33 63 89 6 88 	82 14 27 43 37 	51 14 27 2 77 	64 4 62 5 82 	44 77 36 26 50 	
18	09/02/2008	23 32 80 61 88 	33 27 17 12 73 	2 17 89 69 52 	56 71 26 42 3 	70 10 88 29 25 	30 20 76 11 4 	13 60 3 1 38 	3 63 60 77 34 	71 14 52 53 66 	85 63 8 3 57 	72 78 26 70 66 	
17	07/02/2008	49 84 29 14 66 	69 58 36 32 15 	32 28 11 15 7 	20 37 15 47 64 	68 9 60 26 45 	30 41 55 82 64 	85 29 24 51 35 	71 14 63 72 45 	78 7 66 11 89 	86 90 41 67 80 	9 43 34 74 62 	
16	05/02/2008	22 2 44 87 86 	3 88 4 90 13 	28 4 79 72 69 	74 6 9 89 72 	78 62 35 32 49 	83 72 61 19 80 	75 72 43 41 40 	87 69 44 68 37 	51 62 43 69 76 	13 24 7 8 27 	84 24 78 55 62 	
15	02/02/2008	33 9 77 78 14 	44 64 71 88 68 	90 40 85 18 38 	79 12 35 4 44 	81 1 88 71 11 	18 38 80 81 60 	70 34 12 5 71 	61 75 9 67 49 	44 64 46 11 82 	10 31 78 8 45 	80 74 54 41 18 	
14	31/01/2008	45 63 37 2 90 	42 47 56 84 57 	14 33 25 11 20 	81 37 54 8 49 	26 22 18 35 7 	77 33 26 11 80 	7 68 88 85 36 	34 4 74 56 48 	66 29 87 14 41 	83 11 52 67 73 	34 20 63 50 10 	
13	29/01/2008	30 84 87 59 23 	58 17 1 40 41 	60 27 80 48 53 	31 75 33 14 66 	1 6 4 5 8 	70 20 31 87 67 	74 22 47 23 15 	23 24 64 80 55 	42 17 52 16 50 	23 31 65 5 85 	21 23 60 46 86 	
12	26/01/2008	85 90 47 34 29 	60 89 90 1 74 	17 25 28 65 44 	90 67 46 20 75 	25 40 57 65 35 	15 76 36 2 59 	31 38 28 13 81 	87 20 66 36 13 	77 58 54 80 28 	82 10 11 2 53 	57 64 69 75 16 	
11	24/01/2008	28 55 7 59 21 	73 2 79 77 12 	18 14 20 57 88 	39 51 74 63 20 	84 54 51 67 57 	33 54 18 19 23 	63 13 43 29 6 	41 39 5 76 34 	6 11 25 82 48 	88 8 24 32 41 	41 64 20 48 57 	
10	22/01/2008	19 70 9 82 22 	22 54 81 42 11 	71 24 4 63 26 	45 14 77 27 70 	66 70 68 37 53 	56 47 16 82 80 	18 49 44 71 29 	7 76 34 38 10 	37 43 48 34 16 	26 71 65 90 2 	20 4 10 8 25 	
9	19/01/2008	35 75 34 61 20 	7 68 74 81 88 	10 1 46 75 63 	38 66 2 15 56 	23 75 16 57 36 	61 37 71 16 8 	87 3 68 64 27 	31 20 34 54 58 	2 4 74 86 88 	81 20 24 9 74 	15 74 29 39 75 	
8	17/01/2008	73 61 47 77 82 	33 19 57 88 42 	59 88 55 67 17 	2 3 79 11 10 	15 8 90 34 27 	21 76 5 37 46 	4 42 36 47 57 	35 43 6 11 19 	90 67 37 53 19 	70 11 86 83 9 	76 16 68 39 63 	
7	15/01/2008	12 52 4 61 33 	3 43 7 82 62 	67 70 62 11 3 	59 74 69 6 50 	55 85 79 80 77 	50 80 81 8 65 	62 71 31 66 77 	88 10 54 44 31 	87 30 33 73 20 	29 68 58 46 83 	1 42 18 24 26 	
6	12/01/2008	77 52 50 3 39 	42 54 88 3 15 	86 4 14 33 23 	81 85 52 13 33 	8 21 19 28 56 	52 69 14 70 57 	82 22 37 59 80 	9 64 50 10 80 	65 19 15 82 45 	85 32 33 17 46 	8 70 20 83 63 	
5	10/01/2008	23 36 69 37 65 	88 18 42 62 3 	68 19 24 44 40 	13 41 73 4 39 	30 81 12 5 44 	44 89 35 43 50 	51 75 46 19 24 	25 88 44 13 43 	47 54 3 15 39 	58 7 67 28 84 	21 65 3 2 12 	
4	08/01/2008	74 70 52 81 43 	57 8 60 54 33 	17 39 16 35 25 	72 53 73 28 26 	81 48 41 40 4 	84 72 59 45 58 	30 65 89 90 64 	23 42 29 66 80 	46 56 40 77 79 	55 82 12 15 30 	49 76 17 18 58 	
3	05/01/2008	86 58 42 69 49 	69 45 16 88 61 	83 75 6 73 67 	78 9 1 89 38 	30 64 82 49 56 	16 67 35 90 40 	68 31 90 34 49 	75 3 34 13 89 	38 26 75 87 53 	15 66 35 60 57 	25 52 11 44 69 	
2	03/01/2008	64 48 27 5 30 	1 79 84 69 60 	66 54 40 57 30 	66 52 84 56 68 	56 63 81 37 15 	20 41 6 28 33 	39 74 63 21 87 	85 76 6 18 38 	30 40 12 35 32 	29 63 36 19 75 	17 22 56 3 13 	
1	02/01/2008	40 33 22 1 49 	12 14 36 39 3 	69 85 79 70 40 	33 60 65 57 24 	16 26 17 72 61 	90 13 60 62 73 	84 60 32 26 54 	38 87 6 37 18 	61 11 6 30 90 	60 33 51 41 73 	14 83 59 21 65 	
