Lotto
Archivio estrazioni Lotto anno 2024 aggiornato al 31/12/2024
Concorso	Data	Bari	Cagliari	Firenze	Genova	Milano	Napoli	Palermo	Roma	Torino	Venezia	Nazionale	
209	31/12/2024	71 86 76 27 44 	20 88 80 79 3 	59 31 44 89 54 	37 38 27 79 10 	47 76 33 54 9 	88 51 71 86 30 	15 13 52 84 20 	37 6 23 50 41 	21 35 58 80 23 	44 85 77 1 33 	39 59 46 49 86 	
208	30/12/2024	37 79 76 30 42 	59 12 81 23 86 	40 45 82 10 21 	31 72 77 30 28 	72 27 67 3 53 	43 56 15 6 25 	78 64 34 23 3 	59 89 39 66 48 	39 11 53 77 25 	89 79 63 59 30 	49 27 3 68 39 	
207	28/12/2024	74 88 66 59 82 	36 39 6 54 53 	1 51 5 20 24 	27 22 70 48 65 	14 67 62 20 40 	9 10 15 22 48 	69 42 26 45 84 	67 59 48 38 79 	5 32 27 47 77 	55 39 8 43 78 	27 1 58 24 88 	
206	27/12/2024	54 49 36 52 60 	61 85 62 42 52 	55 44 59 21 29 	11 12 68 26 48 	88 17 1 74 76 	37 51 26 9 76 	67 78 49 57 69 	20 26 85 4 24 	48 59 75 86 89 	44 58 75 69 10 	85 19 67 65 89 	
205	24/12/2024	26 50 16 58 61 	72 43 48 79 90 	10 14 24 76 89 	17 86 39 15 48 	69 84 6 78 60 	12 59 69 11 77 	63 44 57 21 16 	55 83 7 67 66 	31 59 43 76 6 	2 84 10 50 88 	63 88 55 29 22 	
204	21/12/2024	19 41 16 20 75 	46 61 9 35 37 	74 33 69 80 30 	74 16 18 88 52 	25 78 10 72 77 	70 87 83 34 89 	12 81 47 31 60 	45 42 89 8 40 	74 73 56 70 85 	5 31 35 33 21 	39 19 83 6 68 	
203	20/12/2024	19 1 78 60 5 	25 70 87 36 23 	70 45 42 37 85 	28 39 49 41 42 	78 52 79 85 49 	10 17 6 50 4 	26 40 66 16 51 	43 26 86 19 50 	76 38 49 46 9 	45 73 56 8 4 	79 25 38 54 72 	
202	19/12/2024	53 3 20 2 33 	90 78 81 17 16 	28 68 37 21 31 	10 87 62 36 19 	33 32 36 1 25 	57 79 80 6 14 	61 35 37 2 3 	75 15 60 80 18 	1 33 16 55 64 	30 24 65 11 41 	37 20 31 15 27 	
201	17/12/2024	88 49 64 48 17 	20 46 29 84 81 	42 75 49 38 39 	76 81 54 22 30 	39 40 33 44 21 	80 85 65 64 36 	67 80 55 69 29 	5 79 81 65 9 	72 77 38 3 83 	43 27 87 14 44 	39 83 63 81 72 	
200	14/12/2024	89 61 43 52 1 	56 55 17 38 15 	51 79 50 28 27 	45 21 4 12 86 	77 46 76 85 49 	42 5 21 55 11 	57 49 12 63 35 	27 10 34 7 12 	13 37 69 68 4 	34 6 76 79 45 	81 19 61 39 42 	
199	13/12/2024	66 32 12 33 49 	82 8 9 42 64 	66 52 57 81 8 	62 13 24 39 80 	56 40 28 67 31 	44 29 46 30 56 	10 25 40 41 70 	40 77 19 38 28 	9 37 27 80 61 	87 10 45 89 26 	63 36 75 70 52 	
198	12/12/2024	7 40 58 52 36 	25 10 86 81 33 	36 52 7 82 53 	88 20 19 32 58 	45 29 33 12 19 	40 62 17 24 15 	73 39 65 21 10 	16 70 85 14 76 	64 89 85 27 80 	55 59 78 81 76 	55 36 34 84 83 	
197	10/12/2024	79 15 70 41 49 	50 56 17 53 48 	37 86 35 24 44 	45 83 4 39 1 	64 55 22 69 44 	17 69 4 56 41 	6 86 46 33 80 	31 42 30 46 41 	64 11 55 61 44 	1 33 42 14 48 	79 18 36 77 16 	
196	07/12/2024	37 21 12 79 15 	45 15 59 54 57 	87 6 49 52 28 	27 44 29 81 1 	39 8 79 43 7 	79 90 49 23 38 	90 5 53 56 72 	57 45 20 69 5 	65 46 43 77 48 	60 51 9 50 78 	32 53 44 38 45 	
195	06/12/2024	9 46 16 21 73 	22 72 34 35 23 	56 57 22 67 39 	24 62 16 5 83 	23 17 39 66 38 	69 39 7 71 12 	41 15 74 39 14 	61 33 54 85 87 	85 27 73 60 35 	24 13 3 57 33 	87 27 65 86 19 	
194	05/12/2024	32 35 51 26 82 	66 10 20 59 78 	83 42 28 27 61 	42 20 53 47 6 	18 3 54 88 69 	59 48 66 2 86 	65 8 29 59 47 	49 76 36 90 82 	22 15 46 48 18 	64 61 54 57 40 	28 56 50 76 31 	
193	03/12/2024	38 26 58 36 65 	71 68 61 41 89 	52 65 73 3 50 	37 41 70 40 6 	62 28 70 6 39 	25 50 49 60 52 	6 55 68 11 86 	12 23 16 14 63 	16 6 44 14 88 	7 67 1 38 89 	67 27 38 57 19 	
192	30/11/2024	25 46 41 83 89 	13 80 42 53 51 	87 26 10 34 2 	3 69 74 44 70 	63 55 33 53 15 	90 66 76 69 23 	59 58 66 24 29 	58 43 23 5 50 	53 34 17 15 9 	90 73 82 22 39 	25 81 37 30 58 	
191	29/11/2024	29 22 53 65 12 	90 42 12 44 73 	65 82 32 14 2 	58 79 69 78 13 	88 82 18 40 24 	5 42 6 56 13 	59 2 52 34 84 	48 67 46 18 79 	76 48 13 65 88 	22 13 69 35 70 	61 83 42 38 35 	
190	28/11/2024	52 79 70 83 51 	83 14 82 89 26 	57 35 33 5 14 	38 74 16 88 25 	86 75 87 21 5 	59 7 30 78 29 	30 75 52 57 22 	22 16 3 74 23 	28 55 72 53 22 	38 77 85 23 2 	43 23 83 72 2 	
189	26/11/2024	35 16 24 41 85 	89 30 10 81 72 	38 60 16 13 28 	52 15 80 8 53 	33 77 6 54 73 	1 50 64 35 36 	2 1 19 33 62 	33 48 72 47 68 	62 28 18 75 31 	3 54 27 14 71 	2 44 27 86 78 	
188	23/11/2024	33 80 86 52 25 	67 57 59 5 80 	31 32 58 88 77 	40 39 23 36 81 	28 58 45 25 38 	20 82 23 44 57 	76 56 88 62 31 	12 81 59 74 72 	46 53 72 45 23 	4 12 42 64 20 	63 44 78 10 55 	
187	22/11/2024	27 45 81 17 55 	78 66 45 3 14 	14 90 72 88 55 	33 23 82 81 24 	25 79 13 42 15 	39 35 65 1 14 	25 83 69 50 36 	25 71 22 10 55 	59 30 43 74 49 	39 90 77 5 35 	82 60 62 65 59 	
186	21/11/2024	6 79 30 52 15 	3 85 61 44 25 	30 76 84 34 13 	39 63 6 50 81 	1 34 78 86 36 	63 51 82 61 7 	11 66 9 59 34 	15 26 32 38 89 	38 43 77 33 42 	76 60 78 47 31 	85 83 79 12 51 	
185	19/11/2024	51 20 49 27 67 	14 22 74 60 35 	79 54 17 48 58 	86 87 74 22 25 	12 51 47 88 49 	41 30 70 43 47 	85 15 75 63 81 	49 11 50 66 24 	44 15 3 41 84 	50 89 75 47 33 	78 3 36 16 6 	
184	16/11/2024	17 28 73 90 7 	41 7 61 17 6 	24 88 48 2 16 	13 87 35 62 75 	14 75 67 88 6 	10 9 63 53 78 	48 7 76 86 42 	77 75 6 14 29 	29 23 68 70 72 	88 12 9 45 30 	73 21 67 2 84 	
183	15/11/2024	5 90 61 77 39 	53 62 26 76 22 	70 6 75 1 52 	90 71 23 4 14 	58 69 46 26 20 	61 40 75 49 39 	79 71 54 13 9 	40 17 2 73 13 	89 5 49 78 44 	90 47 28 86 6 	57 14 67 1 76 	
182	14/11/2024	57 43 75 28 29 	2 80 16 50 70 	31 63 59 27 82 	80 78 33 66 1 	19 28 76 3 40 	89 79 61 68 15 	21 37 49 73 18 	53 45 89 85 46 	23 15 36 1 63 	18 3 23 14 83 	22 38 3 24 43 	
181	12/11/2024	66 59 34 63 60 	41 79 87 82 90 	25 43 1 40 47 	80 66 13 87 73 	77 45 12 10 47 	49 72 70 88 29 	41 24 88 47 57 	28 26 67 89 17 	8 46 68 53 49 	9 5 6 45 26 	52 72 36 58 74 	
180	09/11/2024	43 90 47 15 28 	46 18 65 14 24 	39 41 50 88 63 	2 74 81 16 9 	62 61 36 39 12 	19 49 82 29 36 	79 59 61 62 67 	23 48 73 13 60 	63 21 46 38 78 	35 41 4 10 54 	1 60 6 80 89 	
179	08/11/2024	68 20 74 49 5 	67 53 85 22 18 	3 65 34 9 26 	45 16 6 70 11 	16 40 41 81 25 	51 21 54 53 69 	15 52 76 57 59 	10 2 42 58 23 	49 87 47 30 42 	6 90 14 81 67 	4 79 33 67 61 	
178	07/11/2024	29 53 40 66 46 	13 68 7 71 35 	27 32 51 16 22 	42 7 18 60 67 	56 18 65 20 27 	21 25 11 2 77 	24 44 51 32 74 	18 90 54 9 77 	54 47 58 77 44 	58 33 75 45 51 	5 72 26 42 16 	
177	05/11/2024	55 75 69 1 79 	79 35 78 7 33 	6 27 51 59 21 	76 46 30 4 73 	87 58 63 54 71 	51 76 23 63 30 	45 67 33 70 11 	40 2 54 24 22 	57 79 38 35 16 	36 33 14 82 7 	79 35 4 57 51 	
176	04/11/2024	16 57 84 32 7 	6 70 54 77 90 	1 62 40 75 77 	89 17 83 6 86 	34 56 19 15 8 	9 57 32 24 40 	36 84 62 14 21 	6 40 33 71 73 	4 63 76 38 3 	45 28 9 71 30 	55 47 32 33 6 	
175	02/11/2024	36 55 35 60 20 	9 14 31 26 82 	84 51 30 13 18 	7 65 15 67 86 	15 31 51 22 2 	53 76 64 27 42 	79 22 46 74 62 	42 71 37 26 29 	48 13 78 57 41 	29 63 61 67 69 	68 60 31 78 55 	
174	31/10/2024	16 3 32 19 10 	90 68 24 31 87 	5 20 22 3 53 	15 16 69 5 36 	58 86 89 42 66 	32 26 29 69 1 	42 33 82 35 57 	28 74 31 47 44 	15 75 7 20 39 	25 47 73 67 1 	80 52 23 71 49 	
173	29/10/2024	67 62 17 81 90 	23 48 37 76 84 	57 27 78 45 67 	65 51 63 41 79 	26 24 10 1 38 	42 60 82 4 5 	15 88 46 39 55 	3 78 28 15 44 	42 4 82 69 52 	77 20 32 5 59 	21 86 80 10 22 	
172	26/10/2024	40 49 13 21 10 	59 2 49 26 40 	1 48 74 76 78 	39 32 76 35 14 	86 59 85 36 17 	34 11 65 47 86 	35 90 44 87 85 	19 70 45 84 76 	86 37 53 88 56 	68 66 26 65 85 	29 8 53 56 41 	
171	25/10/2024	10 3 28 13 66 	31 88 39 27 6 	60 31 3 5 80 	7 3 83 79 30 	90 74 41 61 45 	66 68 87 33 75 	21 14 58 30 61 	55 3 25 21 72 	17 33 88 9 62 	61 35 57 8 68 	22 68 24 89 38 	
170	24/10/2024	7 28 8 1 63 	37 53 88 7 87 	26 19 1 47 66 	8 27 56 43 15 	25 45 55 19 84 	16 64 75 1 48 	22 82 5 73 30 	52 4 6 61 89 	48 30 86 17 3 	2 32 73 39 70 	74 87 50 76 69 	
169	22/10/2024	36 10 58 8 9 	35 2 36 40 74 	37 25 84 52 1 	24 12 15 82 61 	30 36 85 31 21 	9 18 12 7 6 	42 37 67 18 68 	27 25 23 41 10 	84 21 8 70 53 	59 56 65 9 26 	7 77 67 17 46 	
168	19/10/2024	66 7 78 48 60 	26 14 56 69 89 	11 82 2 9 32 	43 20 47 1 17 	24 78 5 38 72 	5 16 49 87 2 	18 54 24 76 46 	3 62 1 84 34 	35 29 8 61 9 	30 20 60 66 45 	77 22 53 90 89 	
167	18/10/2024	74 67 52 88 26 	90 80 34 74 51 	53 45 57 27 37 	22 83 18 66 67 	40 77 7 39 76 	48 54 63 87 67 	23 29 7 85 10 	52 71 33 17 22 	69 5 37 1 74 	14 27 44 22 49 	47 28 82 58 57 	
166	17/10/2024	39 49 55 36 3 	35 79 66 88 43 	48 55 21 28 82 	70 75 32 54 25 	14 67 65 38 27 	24 88 56 7 86 	64 47 56 25 89 	4 12 46 66 1 	15 29 59 39 74 	22 19 90 29 81 	10 34 27 37 62 	
165	15/10/2024	36 23 14 6 32 	26 17 6 84 49 	11 19 14 66 42 	57 11 41 3 9 	17 47 71 42 72 	46 14 72 53 36 	76 51 9 43 27 	24 44 23 8 22 	24 64 14 26 10 	12 47 51 30 69 	46 85 41 82 86 	
164	12/10/2024	41 18 53 38 63 	12 33 47 75 42 	31 61 85 10 56 	6 79 21 30 57 	31 44 87 84 13 	16 53 46 4 11 	27 59 39 10 45 	63 71 88 50 42 	4 51 8 28 76 	78 3 85 7 90 	57 33 85 74 64 	
163	11/10/2024	76 77 47 75 50 	65 18 67 20 77 	52 26 29 19 13 	20 5 3 90 61 	24 59 51 67 41 	44 7 85 56 69 	58 86 5 69 7 	8 34 73 45 33 	16 15 37 61 19 	45 25 71 33 20 	1 35 11 83 30 	
162	10/10/2024	48 72 54 37 23 	59 53 27 62 29 	86 16 50 87 54 	55 60 72 59 53 	4 50 53 17 8 	46 43 55 7 35 	89 88 80 4 72 	25 65 57 79 22 	7 43 84 35 48 	78 45 8 86 11 	42 4 85 59 16 	
161	08/10/2024	45 63 47 80 38 	4 51 23 58 33 	69 5 33 20 9 	77 35 7 21 15 	78 10 73 32 83 	6 83 27 66 48 	6 38 54 75 57 	20 62 69 64 6 	49 37 84 63 22 	36 77 67 18 49 	38 46 11 45 59 	
160	05/10/2024	68 72 67 14 56 	2 28 61 9 13 	29 25 42 67 59 	38 67 2 8 53 	52 47 88 74 55 	2 24 71 17 80 	11 79 73 52 26 	10 14 71 82 17 	35 41 64 2 29 	17 45 18 71 13 	46 78 9 35 2 	
159	04/10/2024	5 14 84 85 75 	24 51 75 17 46 	54 63 14 33 17 	37 26 23 25 49 	22 70 67 5 89 	3 18 12 45 76 	19 56 41 88 4 	81 29 54 60 77 	70 37 44 60 1 	20 89 45 30 22 	64 38 49 22 61 	
158	03/10/2024	89 24 87 42 6 	80 46 74 28 16 	70 23 64 19 43 	34 87 24 11 23 	80 71 79 26 30 	56 54 47 62 11 	35 57 83 6 47 	40 5 39 47 89 	36 27 81 6 88 	39 9 85 26 90 	62 11 63 15 14 	
157	01/10/2024	37 48 27 74 51 	62 21 29 7 32 	29 68 31 66 50 	35 83 26 60 70 	42 90 18 35 82 	75 90 11 36 23 	73 14 70 18 58 	44 19 74 25 83 	29 22 90 8 12 	24 25 22 83 62 	86 28 77 72 80 	
156	28/09/2024	47 31 9 85 52 	49 67 26 29 68 	37 1 54 79 15 	89 76 83 14 59 	87 85 30 76 10 	73 68 24 62 5 	62 27 66 20 82 	6 30 5 53 37 	11 2 38 55 43 	81 51 82 1 20 	8 83 12 87 42 	
155	27/09/2024	31 6 88 17 66 	53 48 78 66 80 	9 29 10 43 59 	11 15 39 35 58 	74 29 46 13 62 	53 26 21 69 38 	30 79 88 75 80 	56 37 26 47 19 	5 63 70 24 75 	39 44 53 16 5 	23 33 35 36 14 	
154	26/09/2024	17 7 30 59 65 	88 37 68 17 13 	72 75 1 39 71 	90 70 77 56 76 	50 63 90 10 72 	23 28 87 75 59 	55 14 74 58 10 	25 38 69 53 48 	64 36 79 60 14 	34 66 42 39 23 	61 27 59 36 35 	
153	24/09/2024	13 62 81 30 20 	34 64 90 2 55 	45 53 71 48 38 	37 44 63 24 51 	58 51 17 13 78 	9 15 78 24 84 	64 31 86 22 47 	75 10 2 28 5 	25 84 44 16 33 	7 65 28 25 19 	80 56 62 41 38 	
152	21/09/2024	40 7 28 23 22 	68 16 42 76 87 	11 31 19 67 25 	20 80 84 59 45 	63 71 19 46 79 	2 86 22 33 44 	44 26 16 3 43 	47 55 79 6 32 	35 26 30 12 23 	9 57 33 21 6 	14 27 8 10 88 	
151	20/09/2024	46 64 70 83 28 	85 56 6 80 34 	30 44 68 3 11 	44 26 8 27 57 	31 64 51 81 47 	7 44 1 39 34 	17 58 83 76 72 	38 2 12 28 50 	20 78 84 14 67 	72 41 8 59 10 	22 77 6 36 32 	
150	19/09/2024	14 64 17 40 26 	57 71 73 52 74 	3 14 23 53 6 	3 88 83 66 7 	60 84 46 90 6 	37 66 33 31 48 	64 39 65 74 82 	16 53 48 87 84 	82 41 50 17 1 	61 59 87 20 81 	27 6 28 73 9 	
149	17/09/2024	74 18 29 87 57 	38 9 89 76 64 	34 75 36 29 73 	49 77 30 45 16 	5 64 60 46 45 	65 22 43 86 59 	60 90 21 29 70 	21 75 40 32 33 	78 87 39 66 75 	65 7 22 6 30 	35 77 59 86 22 	
148	14/09/2024	19 40 64 86 50 	43 37 50 5 72 	9 8 51 59 45 	13 84 86 29 58 	62 27 41 21 76 	65 51 90 83 17 	12 22 59 77 24 	20 12 42 90 54 	36 75 89 57 63 	4 13 26 39 24 	15 34 10 55 2 	
147	13/09/2024	24 29 31 62 39 	79 13 26 66 17 	39 35 23 36 81 	14 65 32 29 87 	42 65 61 39 22 	24 23 62 67 41 	47 12 72 22 80 	52 44 62 90 30 	72 37 88 2 43 	35 60 50 71 12 	11 56 61 79 42 	
146	12/09/2024	13 8 69 70 10 	11 7 60 2 26 	59 77 85 37 84 	6 46 72 55 27 	6 54 21 88 17 	35 63 29 18 14 	3 65 26 41 73 	5 84 86 44 9 	84 90 88 12 73 	11 35 28 66 29 	77 10 2 6 29 	
145	10/09/2024	47 60 46 12 29 	64 77 88 73 45 	80 69 7 88 33 	69 8 24 65 41 	86 30 6 72 82 	63 56 32 44 80 	63 54 82 66 85 	15 44 30 55 28 	4 7 43 5 31 	65 49 46 32 57 	77 89 7 21 83 	
144	07/09/2024	85 27 36 22 87 	32 62 36 71 72 	9 31 29 42 55 	13 59 87 77 34 	26 75 62 77 85 	36 51 9 90 52 	57 72 67 29 7 	56 12 44 65 88 	73 24 21 75 88 	53 1 67 45 13 	24 86 62 74 75 	
143	06/09/2024	79 53 54 83 26 	15 6 7 30 71 	8 46 1 32 39 	48 8 10 4 55 	79 85 63 30 47 	9 10 64 63 17 	64 86 80 61 6 	44 30 42 27 17 	17 88 13 58 28 	82 10 73 55 28 	10 35 43 63 81 	
142	05/09/2024	36 6 84 33 18 	14 2 13 69 75 	58 86 8 23 73 	77 57 65 6 21 	5 11 74 72 37 	66 41 65 43 24 	67 37 25 3 7 	64 49 87 48 7 	50 18 41 32 55 	1 16 61 43 34 	16 5 8 34 88 	
141	03/09/2024	18 71 75 21 64 	34 28 68 90 31 	15 14 86 67 9 	84 61 17 4 26 	73 57 83 23 74 	78 84 42 75 43 	55 39 45 69 50 	29 40 72 1 69 	62 83 3 7 12 	14 70 82 45 78 	67 36 45 15 49 	
140	31/08/2024	88 20 52 44 64 	28 21 22 61 10 	46 36 17 49 28 	53 69 68 1 43 	79 3 19 83 55 	2 81 65 43 79 	52 1 74 51 80 	63 41 15 73 40 	84 56 66 87 19 	19 20 89 34 24 	23 25 39 46 53 	
139	30/08/2024	9 62 10 17 65 	66 58 77 16 88 	51 50 10 5 70 	49 89 27 42 50 	48 22 60 62 71 	28 81 87 82 51 	90 67 13 65 6 	59 60 10 71 24 	65 1 68 47 34 	46 6 59 73 19 	36 84 25 80 17 	
138	29/08/2024	12 29 79 88 68 	76 47 33 28 16 	17 3 12 50 63 	16 17 6 30 55 	21 26 82 40 19 	56 39 20 72 7 	22 82 51 38 68 	45 55 73 59 14 	10 14 68 11 83 	67 61 89 41 42 	47 42 31 60 59 	
137	27/08/2024	60 67 10 86 40 	72 80 86 18 70 	9 52 73 43 48 	70 14 41 43 64 	34 50 6 25 85 	53 50 36 43 20 	66 61 7 4 85 	39 41 69 40 21 	39 27 51 48 74 	4 6 14 25 75 	82 34 46 57 80 	
136	24/08/2024	61 41 4 29 69 	17 63 13 74 47 	69 57 1 55 45 	84 8 72 76 33 	54 84 72 82 88 	43 45 10 64 59 	75 22 53 10 42 	16 72 6 8 80 	22 12 38 89 47 	67 58 26 59 51 	63 73 82 54 10 	
135	23/08/2024	13 52 41 78 47 	18 60 67 83 15 	27 71 52 66 21 	66 74 52 46 13 	7 51 14 1 74 	20 72 1 14 70 	23 40 68 24 90 	60 54 32 11 26 	32 23 49 82 7 	66 54 11 10 19 	46 69 15 70 33 	
134	22/08/2024	10 75 56 89 39 	35 89 22 72 54 	85 10 42 29 39 	82 87 25 22 75 	73 40 90 41 87 	13 50 38 53 42 	59 39 6 62 90 	37 36 82 69 55 	68 39 11 15 35 	72 26 77 66 29 	72 70 10 68 79 	
133	20/08/2024	52 75 45 20 9 	43 23 31 41 57 	2 7 31 80 46 	27 50 64 6 65 	56 54 7 60 41 	43 64 13 32 11 	49 69 26 62 40 	20 42 70 32 78 	61 57 71 4 3 	30 25 46 21 1 	49 10 37 44 70 	
132	19/08/2024	74 48 56 32 41 	87 45 30 77 23 	81 59 86 31 4 	48 17 13 3 54 	66 38 3 52 64 	16 44 47 61 75 	59 46 16 36 52 	37 13 54 61 1 	37 36 54 57 48 	28 47 11 40 44 	77 27 5 38 8 	
131	17/08/2024	51 5 70 87 42 	60 78 45 88 54 	75 67 47 53 12 	37 17 36 66 62 	11 54 43 42 56 	58 22 39 7 6 	7 23 29 43 27 	87 46 26 53 12 	23 68 21 71 74 	55 85 34 52 9 	4 12 2 50 70 	
130	16/08/2024	6 45 54 83 84 	69 59 10 25 31 	67 59 84 65 70 	33 89 1 54 35 	6 27 8 64 51 	14 31 4 76 47 	53 82 68 5 57 	2 36 82 28 27 	10 25 71 76 65 	88 8 9 76 60 	81 56 52 1 39 	
129	13/08/2024	46 84 88 87 22 	89 69 62 81 63 	46 37 81 62 18 	46 76 82 28 4 	44 19 53 2 21 	35 64 62 55 41 	37 41 90 7 38 	31 75 79 21 23 	5 50 15 51 38 	61 43 74 82 59 	57 6 78 55 52 	
128	10/08/2024	5 29 45 57 44 	24 22 35 21 31 	39 2 78 36 43 	83 50 10 22 59 	71 88 28 15 1 	83 30 39 20 40 	64 46 47 5 11 	89 1 69 83 37 	24 43 26 56 73 	9 67 40 27 14 	25 18 75 84 5 	
127	09/08/2024	69 15 66 61 33 	42 34 14 51 58 	45 36 89 20 90 	28 66 11 5 73 	41 65 75 9 33 	37 26 31 90 28 	16 65 84 76 21 	57 48 11 80 86 	41 4 63 45 89 	5 78 12 36 7 	14 59 35 56 48 	
126	08/08/2024	35 85 34 89 10 	87 61 68 22 13 	13 35 56 79 75 	39 65 68 46 13 	59 6 63 79 39 	69 41 34 3 14 	13 34 3 51 28 	13 23 21 17 33 	36 69 7 9 1 	88 52 48 17 46 	24 55 37 14 16 	
125	06/08/2024	89 80 7 6 10 	29 5 35 2 12 	83 41 3 11 7 	40 48 11 3 88 	47 6 20 45 28 	20 9 23 40 55 	9 10 73 43 74 	62 30 5 59 19 	16 80 5 90 40 	49 82 40 7 61 	40 26 75 79 76 	
124	03/08/2024	70 56 80 58 83 	69 73 43 70 33 	15 38 41 37 27 	18 16 52 55 48 	43 16 37 66 28 	15 70 46 56 61 	42 7 37 30 82 	47 19 35 5 16 	9 35 32 81 79 	59 54 34 13 43 	62 50 27 38 87 	
123	02/08/2024	71 37 79 67 51 	3 66 29 11 33 	81 28 47 29 20 	84 13 46 38 62 	85 89 55 43 20 	36 7 16 14 51 	88 18 63 67 73 	57 56 48 86 85 	17 56 37 30 62 	14 18 32 37 86 	16 88 32 71 1 	
122	01/08/2024	37 83 62 79 1 	74 42 38 64 60 	35 72 84 33 5 	9 28 49 21 35 	12 18 34 19 70 	20 60 76 31 2 	33 28 90 31 81 	20 45 5 82 8 	4 21 16 44 49 	33 50 35 72 39 	77 30 31 37 20 	
121	30/07/2024	85 42 2 15 88 	84 46 42 45 2 	52 61 29 8 19 	37 14 44 18 30 	69 88 15 7 6 	49 66 17 70 65 	87 57 32 52 67 	70 53 25 86 3 	31 78 43 84 53 	44 71 57 8 64 	53 38 1 51 42 	
120	27/07/2024	68 18 5 80 90 	68 80 63 13 55 	57 10 34 4 2 	17 8 51 71 76 	73 68 62 47 53 	32 76 19 8 44 	71 26 48 56 12 	16 68 12 32 88 	19 66 61 60 52 	59 39 14 42 53 	30 41 80 50 83 	
119	26/07/2024	83 50 70 71 48 	50 35 74 61 6 	14 76 62 50 83 	89 32 85 53 5 	11 32 21 9 75 	10 50 29 38 70 	66 82 37 25 29 	56 63 61 40 75 	50 6 24 69 85 	77 71 2 70 76 	14 41 1 58 30 	
118	25/07/2024	59 37 73 82 89 	57 10 20 69 44 	36 3 30 57 56 	50 11 55 15 78 	76 70 74 68 80 	59 51 6 19 47 	48 86 34 1 53 	12 50 26 32 24 	84 32 78 26 37 	30 12 19 31 80 	84 89 33 12 52 	
117	23/07/2024	6 64 50 59 75 	1 70 20 90 41 	37 9 76 51 61 	8 34 20 2 72 	6 76 74 73 26 	59 18 6 46 39 	2 63 20 43 48 	53 79 70 25 52 	77 72 19 3 33 	17 78 22 32 54 	5 62 37 30 21 	
116	20/07/2024	2 37 6 77 72 	28 4 69 51 83 	69 17 49 75 52 	76 33 36 66 85 	7 51 80 89 41 	10 47 28 30 48 	52 24 80 62 26 	37 29 34 35 49 	81 13 84 88 27 	84 21 39 2 3 	81 40 56 83 35 	
115	19/07/2024	45 76 17 9 77 	89 86 76 21 45 	67 44 30 31 63 	41 82 68 23 30 	45 68 58 37 73 	29 13 85 90 41 	60 85 33 7 21 	72 30 61 26 86 	52 40 20 15 35 	15 4 60 52 12 	35 7 52 49 61 	
114	18/07/2024	10 44 77 87 74 	1 49 31 5 67 	12 67 59 20 48 	37 78 10 81 73 	33 38 30 2 18 	15 23 39 56 16 	66 82 57 54 58 	31 60 79 43 26 	30 19 41 60 34 	4 36 44 27 88 	31 58 15 87 7 	
113	16/07/2024	33 58 77 37 53 	60 50 17 12 84 	10 48 70 7 38 	69 73 41 44 36 	22 43 11 37 27 	26 39 31 60 80 	29 14 63 18 11 	37 20 77 22 3 	89 21 55 66 24 	36 32 51 26 23 	7 9 84 58 13 	
112	13/07/2024	16 18 30 6 10 	40 54 44 72 14 	45 44 76 83 77 	74 81 9 54 26 	9 19 8 73 34 	82 62 88 19 39 	84 89 90 3 46 	72 80 62 81 21 	43 64 76 32 89 	25 77 87 24 84 	32 10 79 48 12 	
111	12/07/2024	53 67 47 41 14 	42 31 17 38 23 	54 7 64 65 63 	2 60 52 22 54 	62 63 6 61 58 	25 19 77 2 31 	85 43 67 4 9 	14 77 69 35 2 	31 15 30 35 29 	6 86 52 39 78 	56 23 80 47 28 	
110	11/07/2024	87 35 73 7 39 	71 11 54 87 12 	73 38 61 26 20 	60 66 14 3 76 	49 80 14 70 65 	90 6 17 7 4 	79 58 83 59 63 	41 35 6 38 72 	35 42 86 85 6 	72 4 8 37 55 	48 39 12 2 29 	
109	09/07/2024	14 36 19 10 56 	15 40 90 62 17 	28 19 84 5 62 	1 48 54 37 88 	35 32 6 15 63 	15 21 47 38 76 	19 25 58 29 78 	39 23 79 67 11 	27 22 18 82 57 	26 25 79 3 71 	29 77 27 79 10 	
108	06/07/2024	24 25 66 7 21 	5 16 32 69 27 	31 78 54 53 52 	37 58 22 13 79 	88 71 90 77 20 	56 48 77 41 15 	75 82 20 14 15 	62 3 88 36 33 	52 11 71 42 59 	29 52 46 75 34 	62 68 83 73 57 	
107	05/07/2024	41 30 60 76 77 	65 23 89 37 34 	65 31 84 86 19 	42 7 32 68 30 	50 67 64 36 41 	67 89 6 10 9 	60 12 71 53 62 	6 54 80 37 62 	53 89 82 9 31 	70 11 85 2 77 	72 71 50 3 46 	
106	04/07/2024	25 65 78 47 55 	76 12 47 19 41 	56 71 51 76 45 	30 73 4 76 15 	24 80 38 2 52 	11 33 2 22 72 	52 54 30 85 16 	51 3 14 56 49 	84 15 26 1 13 	65 17 32 62 82 	46 4 71 30 62 	
105	02/07/2024	34 27 73 89 44 	14 48 57 47 80 	81 37 67 83 64 	7 15 19 32 39 	90 63 26 64 70 	16 65 85 45 21 	12 3 56 43 62 	81 29 5 43 27 	40 49 17 2 22 	27 62 33 3 40 	29 44 17 21 18 	
104	29/06/2024	83 65 11 16 67 	59 30 85 82 39 	46 79 29 14 25 	32 61 24 70 6 	41 7 9 70 16 	70 7 63 22 39 	20 4 23 69 7 	74 78 12 23 77 	52 8 74 70 15 	4 32 50 67 38 	1 61 60 42 48 	
103	28/06/2024	23 76 44 33 13 	46 73 87 52 5 	52 2 38 4 71 	82 32 64 22 27 	28 85 4 65 13 	19 66 33 15 13 	80 84 64 42 61 	12 54 78 67 24 	80 23 36 13 64 	24 44 49 5 6 	73 35 31 70 64 	
102	27/06/2024	62 68 49 5 37 	62 66 9 69 16 	70 28 80 62 18 	62 51 66 8 53 	5 55 46 51 56 	66 12 52 20 40 	18 16 67 19 27 	51 58 17 45 77 	87 8 85 21 76 	70 57 53 78 83 	2 56 54 90 77 	
101	25/06/2024	67 26 66 47 51 	60 62 78 22 30 	23 47 55 60 8 	72 57 90 74 13 	50 65 21 76 22 	13 14 36 45 67 	63 30 13 84 53 	22 16 70 12 68 	82 3 73 22 21 	77 26 89 46 75 	40 60 58 9 27 	
100	22/06/2024	88 59 16 58 4 	51 71 61 54 55 	11 13 15 53 23 	63 19 10 88 43 	16 14 77 83 88 	42 35 5 34 77 	33 51 68 67 1 	83 78 75 84 86 	14 10 11 63 46 	60 82 31 59 27 	61 33 71 86 78 	
99	21/06/2024	19 60 87 89 74 	74 84 71 49 3 	73 41 43 31 17 	16 6 45 52 75 	58 75 51 29 11 	51 14 59 46 69 	38 50 56 57 85 	90 66 67 11 9 	58 33 83 3 71 	1 71 5 48 54 	39 81 58 23 36 	
98	20/06/2024	30 26 21 67 63 	56 80 36 11 31 	63 48 26 84 42 	80 69 73 77 45 	25 82 39 27 20 	22 24 87 4 6 	36 35 53 81 39 	11 51 60 38 4 	74 21 37 5 46 	64 71 35 79 68 	14 87 40 30 47 	
97	18/06/2024	90 66 20 55 7 	56 83 43 48 74 	34 61 32 2 60 	2 73 61 83 54 	71 15 17 43 73 	20 77 39 22 12 	47 33 1 27 3 	69 50 41 9 31 	37 24 1 6 73 	82 13 7 50 79 	63 22 16 49 67 	
96	15/06/2024	89 58 65 39 9 	39 42 79 30 28 	40 61 78 34 54 	22 80 70 40 69 	47 31 28 72 53 	33 50 63 27 57 	34 87 8 25 63 	53 28 36 1 90 	33 15 61 80 13 	23 79 3 85 36 	4 55 67 56 19 	
95	14/06/2024	44 53 37 45 3 	82 56 79 62 31 	20 69 71 19 43 	75 66 17 58 2 	49 38 39 46 28 	69 73 71 35 50 	78 66 53 19 15 	82 6 79 69 33 	24 31 52 19 35 	4 27 37 44 82 	27 18 10 14 47 	
94	13/06/2024	52 53 13 14 46 	69 80 84 59 24 	43 1 79 86 53 	50 75 68 30 74 	80 63 18 78 84 	77 70 33 60 5 	59 4 12 33 67 	38 55 41 63 39 	55 71 85 88 73 	47 49 70 23 21 	15 3 14 10 89 	
93	11/06/2024	80 30 16 32 61 	3 78 18 20 61 	6 1 16 12 20 	67 2 28 42 62 	51 34 26 25 85 	80 58 41 20 22 	90 22 25 52 69 	78 32 36 4 65 	46 83 12 25 10 	74 32 48 77 12 	74 69 78 23 87 	
92	08/06/2024	27 84 71 8 63 	12 20 90 26 30 	77 82 60 10 42 	34 18 53 30 28 	55 81 33 53 24 	47 28 70 76 1 	80 27 78 20 28 	43 34 87 47 90 	47 37 16 41 78 	36 39 80 26 35 	76 66 47 90 24 	
91	07/06/2024	2 53 52 9 27 	69 14 53 63 65 	65 63 41 31 9 	61 66 86 50 57 	75 27 81 43 63 	64 86 61 19 78 	63 9 54 1 74 	55 36 46 85 62 	29 47 80 5 54 	19 75 62 42 24 	14 68 72 42 32 	
90	06/06/2024	4 26 13 81 75 	12 27 33 64 89 	61 20 75 17 2 	27 18 35 41 3 	50 16 26 66 73 	29 8 10 17 86 	14 90 39 76 65 	43 87 27 45 80 	42 3 33 70 39 	26 75 86 85 82 	9 11 80 45 34 	
89	04/06/2024	53 32 67 29 23 	31 49 27 86 81 	84 69 21 57 45 	30 87 52 55 75 	2 75 64 55 36 	77 68 14 18 88 	33 11 57 82 59 	1 56 20 12 25 	37 29 50 25 51 	30 20 41 88 74 	60 7 62 78 38 	
88	01/06/2024	55 60 74 83 15 	49 8 82 79 84 	10 52 67 34 43 	76 78 57 54 80 	8 1 12 21 39 	83 21 87 54 11 	24 61 75 21 9 	18 69 30 68 31 	71 11 57 15 32 	3 20 7 81 19 	23 88 33 51 76 	
87	31/05/2024	4 55 90 19 54 	32 54 68 64 86 	1 24 19 14 63 	64 15 37 2 44 	80 85 72 36 89 	13 24 12 53 10 	49 75 60 78 72 	18 6 43 81 26 	28 2 27 90 75 	39 11 89 14 26 	7 24 25 72 19 	
86	30/05/2024	31 83 4 17 66 	29 48 75 49 10 	31 49 43 18 11 	52 45 35 49 85 	74 1 45 3 33 	71 89 12 4 32 	28 37 90 11 41 	26 68 83 39 75 	27 53 25 46 18 	11 70 13 32 88 	56 60 54 67 65 	
85	28/05/2024	12 31 29 63 49 	11 1 81 7 12 	37 24 82 75 31 	13 75 60 27 80 	44 35 9 90 67 	11 37 79 30 9 	54 37 83 27 22 	33 34 29 50 12 	67 55 22 62 2 	62 27 57 9 85 	54 31 38 2 80 	
84	25/05/2024	42 2 23 1 29 	44 56 70 54 29 	61 46 70 36 65 	44 77 25 27 26 	14 90 44 34 57 	72 8 43 18 44 	46 40 57 13 20 	87 20 30 21 13 	86 15 63 28 16 	64 30 65 71 7 	27 21 49 74 59 	
83	24/05/2024	84 5 39 4 18 	13 86 72 71 32 	28 76 34 11 44 	26 89 29 61 71 	88 12 13 56 61 	68 47 87 25 81 	64 13 74 28 18 	5 82 28 87 73 	46 2 17 27 67 	7 58 23 6 19 	69 81 1 79 26 	
82	23/05/2024	38 46 15 56 73 	36 49 76 51 54 	74 28 44 3 78 	50 18 3 17 57 	75 1 3 25 12 	14 81 45 79 21 	18 8 51 32 68 	58 55 40 22 33 	25 64 73 1 22 	34 24 62 45 65 	21 57 39 38 71 	
81	21/05/2024	54 50 84 64 62 	53 65 2 72 32 	40 80 14 19 13 	5 82 7 61 47 	86 37 62 2 55 	86 23 73 74 31 	78 1 57 33 47 	40 66 27 45 64 	76 29 5 49 64 	44 7 66 68 87 	28 88 9 77 72 	
80	18/05/2024	77 62 67 60 4 	89 1 35 54 38 	84 58 25 64 57 	53 25 66 59 23 	22 75 48 16 77 	81 41 42 67 39 	19 63 57 43 5 	4 35 50 33 23 	56 20 46 14 88 	78 81 42 74 36 	42 83 59 86 34 	
79	17/05/2024	63 35 59 12 69 	13 7 23 24 38 	35 80 90 76 73 	11 54 27 6 20 	7 72 48 37 15 	65 87 82 50 35 	13 88 44 67 24 	31 5 47 33 46 	39 57 84 82 9 	9 23 49 53 63 	37 43 26 48 81 	
78	16/05/2024	33 3 58 23 27 	75 31 29 78 15 	78 9 14 17 85 	9 17 60 21 46 	30 22 60 6 67 	79 81 84 19 62 	79 67 58 30 44 	25 54 65 72 58 	65 35 72 31 23 	42 25 49 86 13 	47 30 88 38 56 	
77	14/05/2024	34 50 65 35 31 	62 83 20 56 85 	9 90 41 32 33 	66 72 88 81 40 	89 64 72 12 39 	12 57 42 18 33 	63 18 24 60 88 	84 74 64 49 1 	64 50 56 12 89 	54 58 55 89 53 	12 79 46 54 38 	
76	11/05/2024	71 67 47 25 88 	24 54 6 42 2 	12 33 75 30 68 	51 70 74 37 73 	50 81 15 25 71 	58 54 43 63 52 	50 80 31 4 67 	26 57 85 89 5 	18 7 82 14 78 	54 49 86 34 28 	51 7 24 90 75 	
75	10/05/2024	69 66 18 20 88 	68 52 49 22 48 	12 33 80 62 75 	75 10 53 65 71 	80 74 52 8 12 	67 10 23 88 40 	30 89 68 90 2 	6 41 80 50 78 	71 24 89 18 6 	41 45 90 48 28 	89 15 64 20 31 	
74	09/05/2024	85 27 28 56 83 	29 34 75 82 18 	16 74 36 55 64 	77 57 29 34 5 	69 33 28 18 21 	69 10 3 5 12 	6 34 69 38 13 	35 86 69 16 6 	8 56 4 26 23 	27 84 28 13 68 	68 21 64 11 7 	
73	07/05/2024	68 80 23 56 71 	43 74 20 2 11 	75 19 18 74 69 	45 38 26 16 87 	6 23 72 66 5 	46 21 49 80 73 	15 9 54 48 49 	6 58 78 27 31 	78 27 31 64 74 	60 47 90 6 22 	43 58 26 18 79 	
72	04/05/2024	2 31 81 52 21 	39 88 84 1 67 	36 30 70 6 41 	59 23 61 22 27 	5 17 69 57 39 	81 62 82 43 50 	73 55 62 45 18 	76 70 1 64 15 	82 55 35 70 46 	58 23 61 29 21 	10 14 1 43 9 	
71	03/05/2024	38 11 8 19 81 	69 50 27 65 6 	60 5 42 75 84 	17 29 71 48 80 	2 33 81 85 63 	12 10 29 51 84 	4 21 69 79 50 	62 72 84 30 90 	41 33 46 3 68 	3 29 10 85 33 	72 3 82 37 58 	
70	02/05/2024	43 35 83 74 40 	10 23 48 1 87 	71 12 4 27 1 	83 37 42 70 78 	28 72 27 30 7 	34 42 13 67 11 	37 77 19 17 12 	79 85 90 55 49 	83 56 46 57 19 	41 48 57 12 15 	84 70 10 67 74 	
69	30/04/2024	8 67 3 2 46 	67 1 87 84 47 	31 56 40 53 50 	3 19 45 47 25 	71 48 51 12 13 	45 19 49 76 56 	58 74 86 37 67 	26 79 47 38 58 	32 71 39 84 80 	52 31 22 42 19 	6 83 47 20 41 	
68	29/04/2024	58 84 30 62 66 	45 68 85 44 1 	76 52 3 22 16 	39 5 70 26 35 	43 86 23 67 18 	80 62 88 29 35 	27 53 72 71 60 	52 15 16 24 85 	36 74 30 73 62 	55 65 41 68 13 	62 27 48 69 78 	
67	27/04/2024	2 74 34 72 78 	60 62 43 58 38 	88 70 85 38 50 	18 61 70 8 80 	85 81 16 3 26 	34 31 1 41 51 	52 59 54 35 5 	34 83 23 67 61 	86 59 61 62 48 	69 50 40 5 79 	31 30 85 45 67 	
66	26/04/2024	65 67 84 22 77 	38 9 83 18 20 	76 24 78 30 40 	50 56 61 90 57 	87 21 15 12 79 	13 66 86 25 49 	72 60 68 74 9 	23 15 43 7 75 	82 79 31 41 64 	66 89 18 80 41 	4 24 10 69 73 	
65	23/04/2024	47 22 34 20 50 	33 14 86 2 62 	61 22 44 19 26 	21 12 57 82 55 	66 5 11 70 30 	5 23 25 52 73 	23 44 49 71 65 	82 37 59 34 71 	26 42 66 15 58 	57 6 68 54 84 	21 79 49 3 1 	
64	20/04/2024	8 62 22 82 12 	86 44 19 31 72 	38 70 31 33 26 	84 71 65 55 75 	61 32 48 15 24 	24 55 49 12 37 	87 14 52 18 43 	1 88 16 50 63 	15 70 52 62 55 	15 83 49 18 44 	10 22 68 78 6 	
63	19/04/2024	39 5 81 89 73 	56 21 1 90 3 	5 56 68 27 9 	42 50 90 27 83 	16 71 29 85 4 	29 19 23 63 50 	35 54 33 57 61 	17 29 43 55 74 	69 60 3 1 26 	5 57 59 43 34 	30 43 64 65 21 	
62	18/04/2024	13 39 14 70 78 	67 65 3 87 63 	85 90 19 67 78 	60 81 39 33 13 	90 1 83 11 88 	18 12 80 29 19 	50 83 40 24 12 	74 48 75 65 37 	80 46 44 27 30 	70 16 72 3 89 	89 22 6 87 13 	
61	16/04/2024	49 10 76 62 26 	42 80 16 39 65 	58 22 11 86 40 	79 14 36 51 44 	25 27 16 77 79 	70 4 51 49 71 	61 65 76 53 43 	70 86 68 80 47 	17 71 64 72 40 	22 42 39 72 30 	83 37 81 57 78 	
60	13/04/2024	36 14 82 54 13 	30 22 7 6 10 	15 90 28 24 51 	67 14 23 85 90 	67 53 40 90 84 	62 58 64 29 5 	61 36 90 70 83 	71 49 72 12 54 	16 41 78 17 75 	52 9 56 85 81 	17 84 54 28 15 	
59	12/04/2024	79 78 3 52 55 	2 35 16 78 76 	55 77 76 2 90 	75 57 52 26 47 	63 62 48 38 54 	58 42 20 48 26 	46 13 24 3 28 	86 48 12 22 70 	18 82 81 38 56 	5 34 54 31 70 	8 56 48 47 90 	
58	11/04/2024	56 79 36 8 40 	83 65 43 82 4 	19 90 88 25 8 	86 54 18 33 80 	9 6 33 30 5 	90 21 23 55 62 	63 1 49 55 16 	37 12 38 30 63 	80 53 40 19 76 	40 89 25 47 80 	78 15 53 37 25 	
57	09/04/2024	33 87 27 4 9 	42 23 13 39 43 	14 5 53 86 17 	41 47 81 67 70 	69 59 47 26 62 	65 15 52 17 5 	43 62 46 80 35 	27 79 86 30 31 	70 77 75 14 61 	5 11 77 45 79 	28 43 10 39 19 	
56	06/04/2024	3 68 30 72 52 	49 16 1 25 15 	72 50 79 70 35 	75 80 86 9 76 	4 21 88 5 31 	18 43 82 12 62 	41 18 12 2 5 	36 88 61 50 17 	76 68 11 27 65 	24 40 39 23 46 	56 3 14 33 18 	
55	05/04/2024	55 59 31 29 27 	11 85 42 1 4 	60 87 30 31 62 	49 48 24 87 14 	58 73 27 34 84 	33 30 3 15 40 	76 89 54 12 28 	66 79 84 40 50 	20 21 58 49 80 	39 43 76 29 34 	13 58 63 5 1 	
54	04/04/2024	3 36 86 35 53 	59 55 7 75 64 	38 26 40 90 41 	32 7 52 14 86 	10 11 46 16 25 	87 79 5 7 11 	90 7 19 48 75 	84 47 72 73 16 	75 28 7 82 63 	21 7 22 51 23 	59 70 1 46 75 	
53	02/04/2024	74 29 82 36 66 	34 39 33 15 64 	58 82 16 61 25 	86 3 89 49 48 	34 18 67 65 86 	30 11 6 26 38 	13 73 5 36 89 	4 79 26 68 87 	61 71 67 36 64 	11 47 36 28 14 	63 71 41 62 46 	
52	30/03/2024	39 10 12 60 42 	56 50 1 90 86 	4 3 18 8 22 	65 86 81 45 69 	90 49 38 37 5 	73 29 69 80 21 	54 22 4 24 64 	68 4 85 8 82 	34 52 41 11 55 	7 77 21 74 45 	79 52 5 74 25 	
51	29/03/2024	40 2 15 8 67 	86 15 42 84 81 	19 51 13 37 8 	72 67 90 54 20 	75 11 59 90 51 	34 77 45 51 60 	34 79 6 41 28 	52 68 7 61 79 	12 71 3 26 50 	86 34 42 87 63 	86 50 38 78 34 	
50	28/03/2024	49 73 67 86 19 	64 36 37 2 4 	66 27 44 90 17 	9 44 78 85 19 	70 14 47 38 27 	80 29 28 45 39 	54 59 78 47 62 	17 22 49 52 88 	71 35 75 74 60 	40 84 2 63 29 	8 13 44 69 85 	
49	26/03/2024	30 51 17 1 53 	13 70 25 68 47 	28 30 54 70 88 	67 87 22 3 62 	22 34 13 47 24 	20 72 59 1 52 	5 72 65 52 32 	28 43 75 54 87 	16 8 17 24 38 	67 28 55 60 29 	15 69 22 63 39 	
48	23/03/2024	14 86 75 70 73 	29 7 32 36 45 	59 81 56 75 58 	51 16 83 78 59 	75 68 32 70 11 	53 34 51 28 78 	5 19 28 58 76 	64 55 73 80 65 	54 41 36 19 7 	22 31 36 12 65 	84 38 37 81 22 	
47	22/03/2024	33 86 32 37 8 	50 45 43 51 25 	25 29 45 51 46 	2 11 41 56 13 	67 9 51 34 29 	27 47 86 67 50 	25 36 3 2 50 	17 26 41 14 42 	49 71 31 9 84 	11 88 4 59 36 	40 80 39 11 61 	
46	21/03/2024	9 83 16 49 45 	36 84 15 70 86 	37 70 86 57 16 	37 56 20 86 39 	24 34 8 49 58 	46 90 29 11 70 	7 73 43 22 1 	35 56 52 87 60 	23 50 46 37 5 	53 35 82 15 56 	33 36 72 56 68 	
45	19/03/2024	82 48 71 66 11 	46 35 19 13 30 	89 85 58 49 8 	20 41 37 59 72 	33 27 70 15 59 	48 54 67 15 21 	26 70 75 59 83 	76 58 68 45 39 	52 26 30 59 8 	20 47 4 89 12 	69 48 50 20 71 	
44	16/03/2024	17 57 87 39 24 	9 59 12 8 63 	13 73 41 43 17 	6 58 10 37 62 	43 71 21 85 23 	89 66 11 44 14 	87 23 13 46 45 	89 8 43 68 55 	32 52 11 39 65 	78 65 16 27 21 	78 16 44 60 28 	
43	15/03/2024	72 5 64 89 87 	87 35 45 48 73 	51 61 54 62 60 	10 85 32 71 42 	56 48 82 2 63 	1 15 65 42 73 	46 33 82 72 2 	52 62 16 1 17 	20 83 39 68 36 	39 42 47 74 51 	66 17 81 47 90 	
42	14/03/2024	18 79 33 13 66 	30 83 61 69 20 	51 85 18 9 73 	30 48 67 88 71 	47 89 72 27 54 	87 13 4 40 88 	44 86 76 9 63 	47 23 26 67 17 	80 24 11 38 18 	63 1 32 56 37 	7 69 45 48 33 	
41	12/03/2024	67 16 76 38 32 	33 38 13 88 75 	23 64 13 81 47 	79 36 29 5 4 	69 36 9 33 82 	57 28 27 12 64 	31 68 11 36 51 	56 87 75 39 11 	39 25 59 9 34 	17 89 12 70 37 	20 54 44 48 40 	
40	09/03/2024	35 46 58 25 34 	45 51 12 66 65 	27 32 70 76 43 	30 88 37 21 43 	5 55 6 43 10 	41 63 29 6 44 	20 12 14 21 24 	72 73 36 10 82 	74 45 30 35 36 	25 70 41 67 61 	42 55 53 73 68 	
39	08/03/2024	36 69 14 41 78 	86 19 45 8 6 	55 32 75 66 27 	57 14 87 52 89 	33 40 44 29 61 	5 34 67 76 19 	28 48 37 87 71 	21 86 65 90 12 	16 78 77 69 46 	59 90 17 50 69 	46 75 8 83 38 	
38	07/03/2024	61 68 87 10 55 	14 30 45 51 56 	56 23 60 41 63 	47 59 22 40 69 	78 16 69 40 48 	59 57 45 64 72 	26 71 86 18 57 	46 87 62 52 84 	90 39 25 8 41 	19 47 87 36 76 	56 59 71 21 1 	
37	05/03/2024	79 67 45 72 88 	42 5 46 30 3 	45 48 62 69 3 	68 52 38 85 46 	8 4 2 5 74 	55 79 11 58 7 	21 23 13 83 18 	13 21 59 1 18 	7 45 65 80 47 	73 80 85 53 32 	33 12 16 46 28 	
36	02/03/2024	9 22 56 34 19 	82 76 57 9 74 	40 71 87 51 56 	14 53 72 65 75 	12 1 76 5 44 	81 82 34 24 26 	42 61 27 32 51 	7 64 78 18 28 	85 70 78 68 34 	39 86 90 42 78 	27 6 70 74 17 	
35	01/03/2024	32 7 77 74 88 	41 78 80 34 74 	43 5 87 74 12 	90 76 15 20 30 	24 43 16 27 5 	10 25 66 13 56 	25 60 8 55 34 	88 38 4 72 36 	5 40 37 83 38 	84 6 49 55 53 	59 57 24 34 56 	
34	29/02/2024	51 81 12 32 4 	5 55 46 1 20 	74 26 33 50 80 	75 82 27 22 54 	72 58 60 41 33 	3 43 24 25 78 	89 58 41 11 15 	75 39 65 17 31 	22 81 90 48 77 	90 74 39 63 67 	21 23 15 35 76 	
33	27/02/2024	13 1 57 81 69 	4 45 25 52 30 	45 83 86 82 51 	87 14 90 50 68 	60 64 72 65 82 	63 53 71 19 34 	34 46 10 80 21 	59 15 28 4 61 	57 40 83 28 74 	59 10 43 69 78 	40 83 32 28 80 	
32	24/02/2024	76 4 90 48 9 	7 2 80 25 78 	27 33 9 46 66 	14 75 64 31 5 	73 42 28 69 80 	81 59 76 42 60 	3 42 32 41 8 	67 79 29 82 85 	80 31 30 19 88 	2 78 13 73 38 	14 56 9 7 8 	
31	23/02/2024	53 14 39 62 40 	20 15 28 80 63 	69 6 88 35 74 	63 26 2 58 1 	69 48 49 52 24 	6 4 27 47 55 	89 74 87 17 10 	65 85 79 66 2 	76 7 34 50 22 	82 72 41 37 52 	50 82 80 20 47 	
30	22/02/2024	70 16 77 72 30 	63 73 69 23 28 	23 28 50 49 51 	63 76 65 16 88 	42 34 24 20 8 	57 25 90 33 44 	23 89 26 24 13 	66 13 32 56 74 	30 45 25 11 18 	27 23 35 73 75 	57 50 14 26 54 	
29	20/02/2024	4 76 81 14 49 	12 25 58 47 72 	44 47 11 34 32 	73 57 10 5 16 	80 26 48 61 59 	23 85 34 24 61 	1 24 69 73 64 	64 80 29 44 59 	9 75 85 31 65 	89 24 79 1 73 	26 3 88 47 63 	
28	17/02/2024	36 32 53 73 47 	72 71 48 21 29 	9 80 1 14 54 	54 57 61 11 80 	75 24 73 14 78 	10 65 66 49 25 	46 28 36 32 67 	60 47 54 52 82 	74 1 56 84 85 	67 16 84 18 81 	78 50 58 36 5 	
27	16/02/2024	9 74 26 38 31 	29 22 31 61 57 	13 6 46 25 31 	39 23 89 46 77 	10 19 61 65 40 	65 7 24 43 76 	38 82 6 15 64 	46 55 67 1 14 	53 2 80 62 39 	51 58 20 86 90 	75 22 52 88 43 	
26	15/02/2024	27 80 39 48 53 	87 2 34 19 30 	41 55 68 65 51 	5 27 64 87 54 	25 38 78 10 84 	61 82 5 59 24 	22 30 84 71 58 	71 45 44 57 41 	69 76 78 79 21 	16 90 21 40 89 	73 78 39 72 37 	
25	13/02/2024	34 57 69 14 52 	83 86 56 60 33 	45 41 89 60 43 	54 17 52 9 14 	14 7 82 37 87 	8 17 34 11 40 	12 11 56 52 25 	83 54 20 19 14 	39 32 24 57 77 	11 85 25 82 24 	25 3 48 59 90 	
24	10/02/2024	36 31 11 86 4 	28 70 31 46 59 	67 24 38 84 13 	10 51 11 73 86 	34 46 87 18 86 	60 31 62 16 7 	78 59 6 14 66 	19 34 33 45 20 	1 86 43 55 30 	10 36 5 87 33 	16 25 47 64 28 	
23	09/02/2024	21 10 71 28 27 	29 74 53 88 78 	90 36 89 75 55 	18 54 7 64 1 	30 21 3 44 24 	86 25 55 83 90 	29 34 43 9 44 	3 81 72 25 27 	19 24 74 1 15 	7 63 53 4 12 	15 19 80 59 48 	
22	08/02/2024	61 16 40 47 63 	36 64 47 45 80 	58 53 30 90 67 	70 25 56 32 85 	84 41 59 50 10 	90 48 43 70 68 	14 12 58 10 60 	38 46 62 65 70 	62 14 19 68 48 	44 66 76 75 10 	72 18 68 73 47 	
21	06/02/2024	3 12 71 32 50 	60 74 68 75 66 	58 85 77 80 73 	82 52 53 42 54 	53 86 52 76 40 	15 51 86 64 47 	2 37 4 87 38 	58 68 80 74 38 	9 87 86 44 25 	20 33 70 79 51 	49 17 35 47 86 	
20	03/02/2024	42 63 20 90 47 	27 23 59 21 55 	34 32 44 66 13 	15 24 30 83 78 	73 26 5 78 17 	45 18 87 69 5 	53 5 28 65 58 	68 83 15 52 86 	25 86 13 56 42 	31 5 44 88 27 	13 89 82 59 51 	
19	02/02/2024	79 15 43 8 60 	45 60 6 10 53 	85 30 77 56 81 	48 15 60 9 80 	71 9 50 68 15 	27 40 85 73 86 	83 35 44 89 11 	6 24 58 69 54 	25 86 12 68 58 	3 88 64 70 54 	42 21 8 14 26 	
18	01/02/2024	15 9 54 51 80 	90 65 57 21 85 	35 48 68 85 39 	77 53 30 57 61 	53 35 79 41 37 	68 82 36 72 19 	41 61 25 78 1 	76 14 86 10 87 	17 42 70 78 43 	26 83 12 60 49 	64 31 77 20 51 	
17	30/01/2024	21 49 82 81 30 	84 40 35 47 50 	18 44 17 48 51 	55 28 30 40 27 	70 20 53 71 69 	24 90 60 50 65 	28 76 40 56 86 	61 26 6 29 11 	9 61 8 3 59 	17 26 25 23 84 	90 55 32 67 39 	
16	27/01/2024	81 38 18 60 63 	24 4 29 18 77 	33 27 2 45 58 	86 66 57 90 31 	62 75 68 6 52 	61 4 43 38 12 	34 32 82 21 3 	75 46 82 12 25 	17 15 35 50 10 	60 14 72 77 27 	25 11 83 75 72 	
15	26/01/2024	31 79 45 40 58 	39 74 47 75 5 	3 35 87 18 28 	56 85 9 43 58 	39 87 50 31 82 	63 59 87 36 45 	61 35 78 29 37 	63 13 55 24 42 	41 20 17 60 5 	26 74 45 44 10 	83 41 14 56 4 	
14	25/01/2024	72 33 36 32 83 	44 40 70 56 29 	76 54 86 74 80 	2 18 46 22 72 	41 54 87 24 90 	63 69 13 12 44 	2 19 3 85 67 	87 9 62 47 13 	27 82 60 62 64 	39 57 6 82 30 	69 77 61 74 71 	
13	23/01/2024	41 21 7 10 50 	9 13 80 19 21 	4 81 32 33 65 	55 38 29 90 74 	58 38 65 16 10 	20 38 69 22 8 	42 48 71 55 62 	6 62 20 3 15 	80 28 52 61 24 	61 55 18 80 21 	9 47 50 75 85 	
12	20/01/2024	47 24 66 19 28 	79 84 10 61 51 	40 42 24 56 50 	54 42 84 4 37 	88 61 45 78 38 	60 66 77 69 13 	46 15 4 11 44 	16 90 44 86 22 	28 14 39 53 51 	87 72 26 45 49 	51 53 81 5 79 	
11	19/01/2024	86 42 53 55 59 	31 67 79 78 17 	53 75 30 46 10 	25 2 3 75 66 	3 57 53 28 89 	25 2 60 8 75 	52 23 87 69 6 	18 42 78 47 84 	61 70 76 55 28 	58 22 39 35 18 	48 54 29 89 80 	
10	18/01/2024	61 22 50 58 66 	1 51 88 50 3 	26 82 58 4 67 	27 11 85 7 32 	20 87 37 53 34 	74 39 61 10 3 	30 42 21 3 76 	38 83 7 29 18 	40 76 27 85 79 	56 83 89 29 54 	43 22 51 23 24 	
9	16/01/2024	12 81 53 65 88 	40 27 45 7 84 	1 45 66 51 48 	32 19 88 35 16 	65 36 4 69 87 	18 35 78 74 36 	82 90 59 71 3 	53 61 11 26 14 	35 63 43 14 16 	42 35 59 47 40 	3 61 13 75 46 	
8	13/01/2024	37 66 64 16 10 	75 21 35 1 50 	88 12 30 23 54 	85 54 11 36 83 	46 13 41 88 28 	5 58 16 21 6 	66 68 22 79 44 	69 85 76 35 19 	74 52 69 56 21 	89 45 59 73 18 	45 7 10 32 5 	
7	12/01/2024	46 33 90 2 31 	31 81 34 32 8 	68 86 14 59 49 	45 82 39 57 1 	51 12 61 27 23 	13 71 89 3 41 	26 17 74 68 51 	57 20 78 4 68 	80 58 48 17 56 	6 41 77 29 34 	9 87 34 82 47 	
6	11/01/2024	87 12 65 58 89 	89 82 72 2 26 	33 81 66 90 56 	21 89 31 19 15 	84 15 82 31 28 	70 37 19 40 44 	78 76 6 64 81 	88 32 18 3 11 	63 40 36 10 87 	63 11 41 52 76 	38 89 80 5 27 	
5	09/01/2024	61 48 75 54 4 	25 67 44 28 19 	74 63 15 28 4 	40 49 68 85 19 	44 21 72 31 60 	80 47 48 22 76 	81 60 25 26 40 	57 8 70 66 68 	31 70 44 3 18 	81 18 9 37 38 	31 62 63 19 9 	
4	08/01/2024	48 81 71 67 22 	86 87 21 76 47 	65 56 10 72 23 	64 84 49 38 61 	72 70 61 15 54 	27 42 49 58 44 	35 59 15 53 5 	50 40 60 39 68 	71 4 64 5 9 	61 30 23 5 2 	77 41 19 8 7 	
3	05/01/2024	85 56 14 75 82 	68 13 19 71 69 	51 58 29 14 22 	31 59 1 6 62 	77 2 44 67 16 	49 35 28 63 9 	28 9 34 79 46 	62 60 88 5 19 	51 63 12 78 27 	6 2 60 87 89 	24 8 17 58 2 	
2	04/01/2024	90 89 14 57 9 	2 44 36 24 89 	49 3 78 79 14 	50 10 17 81 74 	79 42 25 86 67 	55 90 79 52 3 	5 76 48 31 39 	22 61 34 82 18 	50 82 63 37 64 	25 27 40 49 51 	38 16 44 80 20 	
1	02/01/2024	70 49 50 47 79 	50 38 42 29 18 	86 84 52 15 44 	6 16 43 89 21 	64 9 6 49 70 	3 37 45 69 63 	44 1 87 32 73 	85 74 51 90 36 	75 74 39 86 87 	57 29 10 5 81 	84 57 70 16 75 	
