Lotto
Archivio estrazioni Lotto anno 1955 aggiornato al 31/12/1955
Concorso	Data	Bari	Cagliari	Firenze	Genova	Milano	Napoli	Palermo	Roma	Torino	Venezia	Nazionale	
52	31/12/1955	63 34 53 7 62 	76 54 36 88 18 	49 18 16 25 41 	89 7 1 79 80 	50 45 75 5 27 	56 54 33 36 74 	83 61 76 33 47 	2 24 12 8 64 	35 40 33 14 41 	69 52 66 39 85 	     	
51	24/12/1955	61 76 39 22 82 	21 86 57 87 90 	53 83 28 60 69 	78 89 57 64 36 	5 79 72 78 48 	60 63 7 66 51 	80 31 76 38 63 	79 87 7 44 69 	70 24 76 62 30 	15 88 38 35 41 	15 88 38 35 41 	
50	17/12/1955	59 15 5 27 81 	82 59 32 8 74 	82 19 48 21 14 	51 72 16 46 53 	32 77 19 7 82 	63 13 58 27 43 	12 66 23 90 37 	71 72 81 69 22 	73 83 66 39 74 	20 14 67 41 11 	20 14 67 41 11 	
49	10/12/1955	74 14 26 4 38 	39 26 60 76 25 	5 83 17 77 23 	7 30 5 25 23 	62 13 38 45 3 	21 5 66 46 20 	7 61 52 68 65 	59 16 19 34 30 	7 50 56 71 41 	66 3 22 16 54 	66 3 22 16 54 	
48	03/12/1955	17 23 36 7 62 	85 44 81 74 62 	47 27 14 50 85 	51 2 20 70 61 	19 76 15 9 40 	71 70 20 73 5 	67 6 31 28 13 	23 42 37 6 7 	33 51 55 36 12 	32 86 42 84 89 	32 86 42 84 89 	
47	26/11/1955	3 81 36 55 12 	47 75 13 27 1 	42 10 55 38 75 	39 90 2 41 76 	30 23 69 4 53 	85 8 83 10 81 	63 88 85 61 27 	66 71 16 84 18 	77 1 71 15 70 	59 70 26 86 40 	59 70 26 86 40 	
46	19/11/1955	20 32 15 34 1 	59 57 30 15 39 	18 4 43 41 70 	10 57 86 25 5 	56 48 83 34 74 	14 78 86 30 43 	58 11 17 56 20 	35 57 21 8 29 	67 78 2 19 68 	15 70 88 60 83 	15 70 88 60 83 	
45	12/11/1955	8 27 12 59 47 	29 59 14 9 48 	59 15 35 16 75 	12 14 13 88 74 	17 28 64 31 61 	67 18 52 59 60 	87 1 49 57 83 	85 39 17 83 81 	59 58 64 42 62 	65 88 52 10 43 	65 88 52 10 43 	
44	05/11/1955	8 78 43 25 41 	17 34 45 20 33 	65 53 47 70 31 	73 83 39 3 2 	29 44 58 22 13 	61 3 15 88 14 	62 1 27 49 12 	69 29 38 7 18 	79 29 48 54 74 	20 65 16 82 44 	20 65 16 82 44 	
43	29/10/1955	58 45 73 81 41 	65 42 52 22 30 	41 66 48 44 51 	16 38 85 44 61 	67 35 61 81 57 	15 24 48 79 30 	5 65 86 45 53 	79 58 47 23 84 	50 11 70 23 71 	15 29 52 81 2 	15 29 52 81 2 	
42	22/10/1955	84 78 14 87 63 	4 71 16 32 55 	56 22 60 24 75 	71 33 83 35 40 	64 29 86 42 32 	39 41 89 88 66 	23 55 40 72 32 	7 53 4 10 37 	1 2 90 79 63 	29 63 55 83 30 	29 63 55 83 30 	
41	15/10/1955	75 3 22 54 28 	59 44 89 14 26 	46 62 63 83 90 	69 5 4 31 41 	46 16 77 15 1 	44 2 9 39 24 	22 52 9 77 53 	41 66 19 42 16 	15 56 86 10 45 	57 13 85 86 62 	57 13 85 86 62 	
40	08/10/1955	90 72 14 6 81 	30 63 68 1 89 	54 16 87 72 31 	20 2 87 14 7 	76 88 54 81 31 	20 35 74 29 1 	13 8 64 33 27 	68 83 7 50 73 	18 12 80 45 64 	78 51 88 16 19 	78 51 88 16 19 	
39	01/10/1955	30 83 4 5 38 	81 35 83 7 72 	26 52 20 41 48 	69 61 9 13 24 	70 33 16 50 18 	62 10 17 14 87 	55 60 49 61 51 	25 42 50 23 82 	45 60 80 19 76 	63 62 3 87 25 	63 62 3 87 25 	
38	24/09/1955	9 64 48 84 25 	12 4 28 71 58 	4 59 47 51 25 	45 12 27 21 48 	68 6 73 22 83 	67 36 75 24 34 	12 11 79 23 49 	75 60 87 11 13 	74 19 42 70 58 	5 49 1 38 19 	5 49 1 38 19 	
37	17/09/1955	27 41 54 3 11 	51 31 76 12 80 	9 90 67 21 14 	74 49 69 47 84 	41 30 16 68 59 	76 45 47 88 50 	84 42 18 60 88 	21 37 34 18 82 	65 19 41 39 3 	84 19 5 52 42 	84 19 5 52 42 	
36	10/09/1955	15 30 86 85 53 	15 22 89 60 25 	5 40 68 76 9 	85 52 19 43 3 	79 21 41 71 87 	47 42 28 30 71 	76 39 9 71 4 	63 1 66 2 30 	83 43 56 78 84 	62 87 18 57 30 	62 87 18 57 30 	
35	03/09/1955	21 36 82 7 30 	56 58 46 77 23 	16 19 55 17 10 	80 32 15 52 55 	78 38 88 4 64 	85 73 20 31 82 	16 40 78 61 55 	21 1 7 77 62 	29 76 31 89 20 	61 48 85 71 31 	61 48 85 71 31 	
34	27/08/1955	21 59 5 67 43 	34 55 19 45 60 	38 29 72 81 34 	48 2 81 5 57 	21 70 28 42 47 	73 63 9 48 88 	6 53 87 36 41 	15 7 71 35 90 	60 49 11 62 47 	3 23 14 66 6 	3 23 14 66 6 	
33	20/08/1955	60 71 30 19 83 	62 81 17 53 32 	30 51 25 83 22 	37 27 17 57 88 	18 47 42 66 80 	40 28 43 87 49 	71 40 84 90 66 	51 43 14 15 33 	17 24 27 53 18 	30 84 67 37 2 	30 84 67 37 2 	
32	13/08/1955	30 70 46 86 88 	24 38 22 16 3 	69 75 54 33 34 	30 19 72 42 22 	52 73 58 82 84 	61 77 63 58 74 	88 50 13 87 14 	78 5 20 62 9 	81 23 40 1 83 	71 12 8 82 79 	71 12 8 82 79 	
31	06/08/1955	43 48 76 88 53 	48 88 82 1 68 	13 83 88 37 89 	25 71 24 61 59 	72 2 41 16 11 	83 28 33 51 86 	61 70 82 26 36 	22 67 27 11 48 	5 57 16 4 35 	89 40 78 27 43 	89 40 78 27 43 	
30	30/07/1955	68 72 15 22 86 	48 38 65 66 78 	6 34 60 82 77 	47 1 65 17 34 	40 23 60 50 43 	26 89 28 55 35 	19 61 2 90 55 	80 28 24 8 40 	24 38 89 60 84 	38 13 52 84 21 	38 13 52 84 21 	
29	23/07/1955	39 44 47 77 55 	75 68 57 60 73 	25 39 46 9 49 	23 63 6 85 71 	27 3 72 86 84 	75 63 47 5 73 	76 61 33 7 16 	52 8 30 65 69 	83 72 30 69 9 	17 57 72 42 49 	17 57 72 42 49 	
28	16/07/1955	79 50 6 53 51 	27 44 19 16 88 	73 42 11 46 29 	85 49 32 74 31 	65 58 47 30 89 	16 61 48 66 74 	28 1 58 73 63 	10 55 39 36 86 	54 53 40 68 23 	40 60 9 36 37 	40 60 9 36 37 	
27	09/07/1955	3 21 40 31 9 	25 49 52 37 9 	70 71 50 57 19 	21 59 30 33 87 	8 84 58 45 82 	78 35 30 58 38 	32 36 20 8 16 	72 3 31 47 21 	62 12 18 82 74 	76 48 57 16 77 	76 48 57 16 77 	
26	02/07/1955	9 90 69 13 5 	43 72 2 85 22 	76 16 89 32 12 	82 22 35 44 11 	50 55 27 1 12 	8 90 30 28 50 	77 15 61 26 18 	86 36 40 45 90 	63 83 84 19 42 	27 7 3 88 16 	27 7 3 88 16 	
25	25/06/1955	66 34 54 74 48 	32 67 69 80 25 	45 58 65 8 50 	73 60 44 82 26 	17 12 3 41 40 	62 40 76 69 4 	44 12 85 87 40 	4 23 73 31 87 	40 31 32 39 27 	61 81 54 55 14 	61 81 54 55 14 	
24	18/06/1955	34 24 82 23 55 	34 41 64 40 19 	85 71 10 38 20 	84 21 36 29 85 	67 19 78 65 59 	71 58 41 73 14 	74 24 72 31 14 	63 85 79 22 41 	50 71 22 26 46 	20 23 73 66 59 	20 23 73 66 59 	
23	11/06/1955	73 65 3 36 2 	72 39 40 55 16 	43 49 84 11 71 	48 74 20 22 16 	41 20 36 86 90 	6 23 14 36 86 	66 18 43 36 15 	25 13 81 59 28 	5 45 52 18 25 	14 88 6 37 51 	14 88 6 37 51 	
22	04/06/1955	52 35 70 9 81 	39 27 89 11 61 	50 1 80 13 78 	78 79 43 13 51 	7 78 42 17 39 	50 18 14 28 31 	75 39 51 87 73 	33 50 23 35 42 	83 73 88 29 41 	4 32 18 39 40 	4 32 18 39 40 	
21	28/05/1955	23 81 42 41 64 	71 55 43 85 4 	81 5 8 50 17 	81 49 77 8 85 	13 18 89 37 77 	38 11 50 23 85 	36 89 78 13 57 	17 32 69 25 70 	73 69 28 54 32 	68 26 17 89 38 	68 26 17 89 38 	
20	21/05/1955	46 64 76 14 45 	86 58 2 25 3 	16 90 21 35 13 	16 35 72 24 49 	81 67 88 46 26 	68 12 65 88 45 	62 49 4 75 71 	15 10 61 60 69 	29 8 78 39 64 	38 18 21 48 57 	38 18 21 48 57 	
19	14/05/1955	43 66 30 63 16 	87 40 19 79 2 	72 32 63 40 6 	28 52 23 67 3 	48 28 26 55 49 	17 44 51 75 39 	18 73 3 31 72 	13 82 84 28 10 	12 19 5 62 15 	64 50 61 15 42 	64 50 61 15 42 	
18	07/05/1955	90 29 85 87 8 	36 90 22 14 55 	50 31 9 18 11 	56 44 62 36 2 	29 56 16 8 59 	84 4 55 90 71 	15 14 36 72 66 	80 50 4 64 68 	51 20 64 73 11 	68 27 11 73 86 	68 27 11 73 86 	
17	30/04/1955	24 74 58 19 60 	54 58 34 88 30 	66 62 45 64 3 	85 58 80 41 49 	5 54 74 47 65 	58 45 10 46 30 	43 13 25 74 28 	25 63 79 40 61 	6 14 70 31 16 	85 35 65 34 42 	85 35 65 34 42 	
16	23/04/1955	13 70 71 30 85 	33 79 45 20 58 	28 58 43 52 3 	32 76 2 74 9 	4 42 55 67 41 	4 67 5 53 11 	15 48 87 71 60 	46 52 10 8 35 	2 60 82 49 28 	47 56 11 60 4 	47 56 11 60 4 	
15	16/04/1955	23 6 58 24 53 	19 53 15 88 2 	20 63 58 24 21 	84 85 35 51 46 	33 80 4 88 72 	34 59 30 43 39 	22 28 3 17 7 	67 65 49 3 36 	6 79 80 30 27 	84 69 66 21 76 	84 69 66 21 76 	
14	09/04/1955	52 89 63 20 23 	30 4 41 18 68 	11 77 17 15 2 	90 69 75 71 37 	52 66 35 15 79 	83 8 18 24 6 	79 76 8 36 21 	16 41 60 31 57 	80 89 47 31 10 	11 70 86 61 20 	11 70 86 61 20 	
13	02/04/1955	36 53 83 43 16 	5 80 76 43 90 	39 89 8 64 71 	66 76 40 67 30 	69 66 42 15 26 	40 27 66 43 31 	70 76 73 7 34 	31 30 48 12 25 	74 1 59 35 61 	5 3 11 9 74 	5 3 11 9 74 	
12	26/03/1955	16 57 28 86 29 	16 45 38 83 24 	76 87 27 12 69 	18 24 42 56 8 	28 40 59 51 41 	17 12 87 80 77 	44 21 48 34 14 	16 68 88 12 44 	50 43 74 4 17 	66 16 33 9 63 	66 16 33 9 63 	
11	19/03/1955	75 49 46 62 28 	44 39 75 72 78 	40 25 61 86 10 	13 56 83 64 40 	45 32 82 63 79 	67 43 88 77 87 	16 41 68 30 45 	2 71 80 59 25 	19 23 50 82 85 	74 21 38 50 85 	74 21 38 50 85 	
10	12/03/1955	80 7 15 33 4 	54 21 46 6 45 	9 70 11 5 44 	14 52 29 88 67 	53 47 64 62 31 	64 23 22 52 28 	1 49 18 72 48 	90 71 43 56 45 	5 48 70 54 24 	63 46 61 44 52 	63 46 61 44 52 	
9	05/03/1955	78 47 88 84 69 	84 57 11 33 51 	16 36 40 67 68 	20 70 43 2 10 	68 65 47 80 4 	42 51 70 21 89 	57 39 32 63 65 	43 52 50 73 54 	81 61 17 50 5 	33 41 22 58 36 	33 41 22 58 36 	
8	26/02/1955	14 78 30 12 5 	54 32 5 10 11 	35 19 90 21 9 	8 87 24 7 57 	84 28 6 74 20 	69 62 8 12 63 	41 84 63 14 40 	77 3 85 21 26 	23 25 85 42 3 	78 71 86 32 28 	78 71 86 32 28 	
7	19/02/1955	35 28 48 37 63 	4 61 31 55 16 	48 24 45 35 57 	60 68 70 9 33 	90 32 89 71 40 	59 55 87 84 63 	32 65 64 85 8 	61 89 66 50 73 	29 55 45 2 17 	7 63 13 18 16 	7 63 13 18 16 	
6	12/02/1955	51 26 36 81 8 	89 55 12 30 2 	26 2 35 54 53 	35 76 34 26 41 	39 54 70 83 26 	59 29 69 45 82 	78 25 56 53 6 	48 7 39 27 30 	5 60 67 12 2 	12 57 30 6 25 	12 57 30 6 25 	
5	05/02/1955	67 15 22 84 64 	35 8 51 41 22 	62 54 32 79 36 	59 79 65 48 22 	73 1 44 18 71 	17 57 14 66 44 	66 61 89 3 60 	75 39 34 74 15 	67 73 78 15 53 	35 25 75 36 69 	35 25 75 36 69 	
4	29/01/1955	4 21 89 51 16 	63 67 55 83 40 	44 83 4 58 23 	51 30 28 20 24 	21 74 54 31 87 	57 48 63 41 61 	34 44 86 29 41 	54 42 14 35 12 	20 80 60 34 50 	3 89 36 80 41 	3 89 36 80 41 	
3	22/01/1955	40 66 85 20 5 	48 17 87 56 8 	57 1 29 54 13 	77 90 83 80 38 	25 84 57 90 68 	7 63 52 23 57 	64 75 65 76 79 	63 16 90 85 18 	78 41 75 12 82 	83 47 35 68 34 	83 47 35 68 34 	
2	15/01/1955	70 19 25 80 30 	36 16 64 12 70 	29 72 65 2 22 	20 21 61 23 30 	88 60 46 75 87 	49 10 52 82 77 	85 60 29 82 4 	9 21 4 76 8 	10 1 43 67 18 	70 72 8 80 67 	70 72 8 80 67 	
1	08/01/1955	60 58 7 30 28 	20 87 66 67 84 	75 6 77 76 71 	11 74 17 20 80 	31 85 10 8 12 	45 86 8 15 51 	71 43 55 31 83 	22 8 30 15 86 	8 83 44 89 40 	60 71 81 12 54 	60 71 81 12 54 	
