Lotto
Archivio estrazioni Lotto anno 1934 aggiornato al 29/12/1934
Concorso	Data	Bari	Cagliari	Firenze	Genova	Milano	Napoli	Palermo	Roma	Torino	Venezia	Nazionale	
52	29/12/1934	29 89 63 61 18 	     	42 46 88 17 45 	     	40 43 13 51 79 	45 2 75 67 25 	27 55 87 37 3 	20 61 73 79 8 	70 84 47 34 17 	19 74 53 80 51 	     	
51	22/12/1934	59 60 13 78 51 	59 60 13 78 51 	75 29 55 20 72 	75 29 55 20 72 	87 32 50 41 70 	28 58 66 85 62 	84 82 56 25 64 	22 6 72 46 23 	17 11 35 47 3 	32 20 16 44 69 	32 20 16 44 69 	
50	15/12/1934	32 26 48 6 52 	32 26 48 6 52 	47 9 18 42 15 	47 9 18 42 15 	52 90 44 7 84 	49 44 2 86 45 	70 15 90 21 63 	42 18 25 74 76 	47 11 67 46 21 	32 19 7 26 46 	32 19 7 26 46 	
49	08/12/1934	16 8 33 36 52 	16 8 33 36 52 	62 26 58 69 84 	62 26 58 69 84 	35 34 67 25 50 	8 28 59 19 33 	16 55 11 20 73 	64 75 41 83 4 	78 53 84 89 71 	64 51 68 27 86 	64 51 68 27 86 	
48	01/12/1934	55 1 56 30 4 	55 1 56 30 4 	8 23 90 62 57 	8 23 90 62 57 	25 27 66 63 75 	44 26 28 81 67 	24 13 85 5 19 	74 17 29 7 55 	7 56 49 60 71 	72 85 17 77 1 	72 85 17 77 1 	
47	24/11/1934	42 28 24 13 8 	42 28 24 13 8 	77 9 58 88 83 	77 9 58 88 83 	44 43 87 60 48 	48 24 8 55 62 	81 64 71 16 39 	65 52 43 21 46 	72 31 87 7 33 	73 20 70 84 27 	73 20 70 84 27 	
46	17/11/1934	60 48 5 16 85 	60 48 5 16 85 	68 66 28 22 69 	68 66 28 22 69 	43 81 62 2 69 	50 89 54 46 79 	30 74 44 48 5 	3 70 30 49 73 	12 66 26 28 13 	66 36 15 24 8 	66 36 15 24 8 	
45	10/11/1934	42 19 47 14 8 	42 19 47 14 8 	40 21 32 74 67 	40 21 32 74 67 	3 33 73 21 68 	31 90 80 47 65 	3 77 20 84 75 	12 40 2 14 45 	9 36 57 61 32 	80 84 23 36 50 	80 84 23 36 50 	
44	03/11/1934	21 33 36 15 59 	21 33 36 15 59 	60 85 74 73 44 	60 85 74 73 44 	79 25 16 53 8 	63 77 70 6 53 	56 83 33 17 68 	37 85 61 5 14 	86 73 80 54 25 	17 72 71 30 73 	17 72 71 30 73 	
43	27/10/1934	23 25 87 64 71 	23 25 87 64 71 	57 65 55 28 42 	57 65 55 28 42 	42 50 77 87 30 	19 63 32 33 42 	58 74 4 2 56 	74 12 58 30 11 	45 19 88 32 80 	36 74 38 59 53 	36 74 38 59 53 	
42	20/10/1934	83 76 66 57 9 	83 76 66 57 9 	69 3 58 78 15 	69 3 58 78 15 	23 17 25 29 35 	2 17 12 74 85 	88 23 24 42 12 	81 19 26 49 84 	89 73 34 25 24 	46 80 88 77 21 	46 80 88 77 21 	
41	13/10/1934	44 21 22 14 24 	44 21 22 14 24 	52 86 50 56 40 	52 86 50 56 40 	53 31 5 75 82 	78 57 6 23 75 	82 8 23 33 59 	74 80 43 49 51 	71 22 53 5 70 	84 35 14 58 69 	84 35 14 58 69 	
40	06/10/1934	59 70 46 11 48 	59 70 46 11 48 	87 6 1 32 76 	87 6 1 32 76 	87 74 80 1 33 	49 88 65 45 62 	24 9 65 20 89 	4 78 15 34 55 	73 78 72 60 83 	87 16 39 57 47 	87 16 39 57 47 	
39	29/09/1934	54 48 79 45 28 	54 48 79 45 28 	66 76 85 16 32 	66 76 85 16 32 	27 24 77 88 59 	1 4 59 10 38 	54 81 5 11 6 	25 50 82 27 36 	73 39 77 3 38 	6 33 57 43 23 	6 33 57 43 23 	
38	22/09/1934	30 68 29 17 7 	30 68 29 17 7 	7 35 88 55 68 	7 35 88 55 68 	89 83 43 39 61 	68 17 24 4 23 	35 50 65 78 40 	58 34 44 30 37 	23 76 32 51 66 	58 6 77 90 13 	58 6 77 90 13 	
37	15/09/1934	78 74 34 90 6 	78 74 34 90 6 	79 75 82 5 31 	79 75 82 5 31 	12 86 13 8 32 	52 17 68 10 84 	35 28 51 60 72 	62 23 25 30 87 	77 85 86 10 37 	22 67 74 28 60 	22 67 74 28 60 	
36	08/09/1934	60 27 8 5 83 	60 27 8 5 83 	57 10 8 75 11 	57 10 8 75 11 	22 81 80 83 31 	61 34 82 11 86 	40 55 65 41 60 	44 7 5 2 38 	58 54 71 63 8 	53 48 73 28 63 	53 48 73 28 63 	
35	01/09/1934	32 58 20 34 12 	32 58 20 34 12 	57 42 14 60 82 	57 42 14 60 82 	70 1 9 78 24 	53 44 27 19 84 	80 34 48 54 39 	66 11 27 6 34 	76 40 73 29 83 	61 23 54 80 27 	61 23 54 80 27 	
34	25/08/1934	7 54 84 76 74 	7 54 84 76 74 	45 89 35 76 58 	45 89 35 76 58 	71 85 7 88 90 	37 55 58 66 11 	46 39 9 28 27 	88 84 81 21 77 	22 27 54 61 79 	68 69 28 76 53 	68 69 28 76 53 	
33	18/08/1934	6 80 53 84 59 	6 80 53 84 59 	58 7 63 47 38 	58 7 63 47 38 	68 73 63 37 71 	56 40 77 13 61 	7 84 65 34 85 	33 84 17 7 63 	72 12 41 87 10 	81 31 19 4 58 	81 31 19 4 58 	
32	11/08/1934	36 52 54 42 21 	36 52 54 42 21 	72 12 81 31 63 	72 12 81 31 63 	24 34 21 37 84 	15 88 84 85 55 	30 56 57 80 23 	81 22 3 24 48 	37 9 12 60 8 	63 28 31 22 7 	63 28 31 22 7 	
31	04/08/1934	63 34 41 18 80 	63 34 41 18 80 	62 46 39 14 81 	62 46 39 14 81 	21 10 40 80 53 	68 33 77 65 13 	74 65 51 81 59 	16 87 71 14 84 	51 35 31 78 60 	68 46 52 73 12 	68 46 52 73 12 	
30	28/07/1934	83 18 22 51 4 	83 18 22 51 4 	44 2 85 80 8 	44 2 85 80 8 	84 34 88 89 52 	8 60 52 74 48 	71 21 27 89 11 	32 28 58 55 83 	81 53 59 49 55 	39 85 5 87 76 	39 85 5 87 76 	
29	21/07/1934	67 82 46 86 32 	67 82 46 86 32 	11 61 39 33 17 	11 61 39 33 17 	86 82 66 34 47 	90 52 81 19 15 	16 1 42 31 24 	61 20 86 76 69 	31 62 18 11 19 	8 36 41 10 37 	8 36 41 10 37 	
28	14/07/1934	80 21 45 86 33 	80 21 45 86 33 	40 46 16 27 58 	40 46 16 27 58 	41 70 43 79 16 	7 77 64 86 62 	19 87 1 23 79 	46 13 4 5 25 	1 80 24 29 54 	43 56 18 58 65 	43 56 18 58 65 	
27	07/07/1934	86 7 54 43 45 	86 7 54 43 45 	81 90 44 52 61 	81 90 44 52 61 	17 9 57 70 1 	67 76 90 89 78 	77 1 81 28 56 	19 45 43 65 55 	36 77 79 49 20 	11 90 33 76 82 	11 90 33 76 82 	
26	30/06/1934	32 87 51 78 17 	32 87 51 78 17 	8 70 56 78 89 	8 70 56 78 89 	46 44 14 5 90 	28 76 53 17 33 	7 26 41 49 79 	69 81 63 18 58 	57 36 68 30 89 	73 10 41 64 42 	73 10 41 64 42 	
25	23/06/1934	47 29 50 70 30 	47 29 50 70 30 	67 81 1 85 41 	67 81 1 85 41 	77 54 81 10 32 	73 63 51 8 67 	51 39 6 18 89 	61 19 23 68 73 	17 54 13 11 10 	19 82 46 27 11 	19 82 46 27 11 	
24	16/06/1934	8 79 78 77 27 	8 79 78 77 27 	90 67 54 18 56 	90 67 54 18 56 	88 75 26 56 84 	21 66 57 74 80 	62 77 65 73 50 	71 76 58 43 82 	1 30 81 47 86 	27 25 2 38 51 	27 25 2 38 51 	
23	09/06/1934	40 24 84 75 25 	40 24 84 75 25 	56 44 70 68 26 	56 44 70 68 26 	11 36 55 25 33 	75 44 84 88 43 	37 90 85 57 16 	74 37 1 40 26 	3 64 41 40 70 	81 7 30 76 52 	81 7 30 76 52 	
22	02/06/1934	25 86 13 76 67 	25 86 13 76 67 	20 79 13 31 55 	20 79 13 31 55 	67 34 4 70 24 	43 70 33 5 55 	48 39 35 84 23 	68 23 26 54 3 	88 82 53 47 64 	21 53 86 80 10 	21 53 86 80 10 	
21	26/05/1934	13 24 48 77 76 	13 24 48 77 76 	31 55 73 35 1 	31 55 73 35 1 	37 71 18 67 85 	25 47 80 68 78 	49 81 2 13 16 	54 41 40 74 6 	69 29 2 20 68 	26 22 72 27 88 	26 22 72 27 88 	
20	19/05/1934	78 69 19 12 90 	78 69 19 12 90 	17 64 48 52 76 	17 64 48 52 76 	80 21 22 71 75 	37 75 17 22 5 	42 67 36 33 54 	23 37 73 19 78 	30 76 69 29 63 	61 79 34 17 89 	61 79 34 17 89 	
19	12/05/1934	21 32 74 12 83 	21 32 74 12 83 	1 49 57 66 28 	1 49 57 66 28 	13 32 11 77 47 	68 3 21 63 87 	6 3 40 26 9 	8 64 18 67 13 	90 12 39 32 58 	16 64 67 47 6 	16 64 67 47 6 	
18	05/05/1934	14 42 76 34 44 	14 42 76 34 44 	81 19 73 72 88 	81 19 73 72 88 	85 16 55 9 39 	56 61 4 53 26 	55 71 86 84 88 	29 3 85 87 4 	82 2 89 53 67 	54 47 15 60 39 	54 47 15 60 39 	
17	28/04/1934	50 10 53 90 79 	50 10 53 90 79 	80 60 29 1 18 	80 60 29 1 18 	14 13 53 28 73 	33 82 29 62 59 	31 57 18 62 78 	38 19 26 69 84 	37 11 77 29 45 	14 83 7 69 67 	14 83 7 69 67 	
16	21/04/1934	62 84 83 89 13 	62 84 83 89 13 	76 5 68 83 40 	76 5 68 83 40 	56 39 68 2 25 	18 23 48 4 74 	84 17 19 34 8 	56 86 74 20 15 	7 83 82 84 50 	58 31 6 37 68 	58 31 6 37 68 	
15	14/04/1934	88 21 66 52 9 	88 21 66 52 9 	56 53 2 83 37 	56 53 2 83 37 	53 83 90 31 19 	2 56 11 85 65 	34 76 8 74 71 	85 70 1 20 43 	27 26 3 58 42 	87 42 55 70 29 	87 42 55 70 29 	
14	07/04/1934	51 72 61 42 12 	51 72 61 42 12 	86 27 5 23 75 	86 27 5 23 75 	39 17 57 14 71 	72 29 84 82 38 	28 44 19 12 40 	56 75 13 62 8 	8 73 48 64 75 	48 10 85 7 11 	48 10 85 7 11 	
13	31/03/1934	54 27 65 16 72 	54 27 65 16 72 	2 12 17 6 28 	2 12 17 6 28 	27 71 33 49 83 	62 85 73 88 52 	21 8 64 34 29 	39 70 13 42 86 	7 60 46 63 1 	76 25 3 53 10 	76 25 3 53 10 	
12	24/03/1934	85 31 47 32 79 	85 31 47 32 79 	43 58 70 8 9 	43 58 70 8 9 	39 55 61 17 70 	22 42 32 53 29 	37 67 86 32 29 	68 53 79 1 14 	52 15 24 19 14 	21 22 71 1 14 	21 22 71 1 14 	
11	17/03/1934	66 42 38 75 87 	66 42 38 75 87 	7 77 53 78 60 	7 77 53 78 60 	83 2 75 88 6 	28 79 82 32 51 	5 17 89 38 55 	65 86 72 19 51 	41 38 34 65 55 	46 23 56 44 61 	46 23 56 44 61 	
10	10/03/1934	11 84 85 76 72 	11 84 85 76 72 	35 75 53 58 43 	35 75 53 58 43 	64 4 6 61 16 	77 84 39 79 35 	24 84 28 5 22 	1 65 34 80 50 	43 68 73 90 55 	73 37 42 46 61 	73 37 42 46 61 	
9	03/03/1934	79 50 78 18 21 	79 50 78 18 21 	26 39 10 25 33 	26 39 10 25 33 	16 13 47 17 74 	39 83 3 62 80 	53 74 34 33 59 	61 14 64 1 13 	46 21 50 85 45 	64 33 52 74 11 	64 33 52 74 11 	
8	24/02/1934	79 32 85 18 1 	79 32 85 18 1 	25 41 65 58 8 	25 41 65 58 8 	10 34 24 73 36 	33 49 18 2 43 	33 70 41 42 54 	33 48 29 43 68 	56 87 80 81 9 	3 69 30 77 27 	3 69 30 77 27 	
7	17/02/1934	32 16 6 86 81 	32 16 6 86 81 	41 49 84 43 67 	41 49 84 43 67 	17 48 45 44 64 	31 55 15 11 90 	38 36 86 45 85 	21 12 67 87 43 	30 72 56 26 47 	5 22 7 85 58 	5 22 7 85 58 	
6	10/02/1934	31 22 57 50 35 	31 22 57 50 35 	33 64 3 55 31 	33 64 3 55 31 	87 19 70 88 89 	52 37 89 75 30 	90 19 29 1 5 	56 22 19 52 72 	11 69 47 48 41 	25 16 24 63 78 	25 16 24 63 78 	
5	03/02/1934	63 60 28 22 18 	63 60 28 22 18 	34 82 21 16 45 	34 82 21 16 45 	80 15 18 10 38 	47 76 65 26 27 	31 55 72 90 47 	17 8 82 37 80 	29 23 59 64 41 	12 56 16 21 50 	12 56 16 21 50 	
4	27/01/1934	74 32 85 7 28 	74 32 85 7 28 	25 83 86 19 85 	25 83 86 19 85 	45 7 70 11 88 	29 74 87 16 64 	12 67 41 30 66 	86 60 11 62 48 	61 11 29 80 59 	79 6 30 56 2 	79 6 30 56 2 	
3	20/01/1934	46 80 12 9 10 	46 80 12 9 10 	48 15 64 1 13 	48 15 64 1 13 	43 37 6 8 9 	86 24 62 74 55 	9 19 14 45 79 	32 89 66 85 74 	53 67 38 3 70 	1 15 62 8 25 	1 15 62 8 25 	
2	13/01/1934	64 61 63 81 78 	64 61 63 81 78 	19 55 43 80 39 	19 55 43 80 39 	14 50 24 75 63 	34 17 79 40 50 	40 87 60 46 62 	52 5 7 74 76 	50 52 37 81 14 	70 64 1 25 7 	70 64 1 25 7 	
1	06/01/1934	39 28 7 31 20 	39 28 7 31 20 	51 60 77 41 13 	51 60 77 41 13 	43 59 17 58 61 	4 26 46 58 77 	15 57 81 1 14 	26 3 11 59 34 	89 9 18 77 11 	47 79 88 27 26 	47 79 88 27 26 	
