Lotto
Archivio estrazioni Lotto anno 1963 aggiornato al 28/12/1963
Concorso	Data	Bari	Cagliari	Firenze	Genova	Milano	Napoli	Palermo	Roma	Torino	Venezia	Nazionale	
52	28/12/1963	89 49 47 74 37 	82 3 8 41 83 	34 40 67 72 7 	2 73 28 75 76 	20 9 7 47 14 	36 3 19 13 46 	9 68 12 65 90 	69 40 53 15 12 	17 39 83 31 5 	36 65 89 8 17 	     	
51	21/12/1963	69 15 62 49 5 	75 86 62 61 5 	73 71 57 68 41 	79 52 22 73 80 	59 30 26 40 41 	3 68 16 61 23 	32 54 39 81 56 	60 68 29 47 25 	25 83 78 65 41 	58 83 88 21 55 	58 83 88 21 55 	
50	14/12/1963	9 23 11 42 22 	46 40 49 3 21 	53 32 80 22 15 	86 63 46 45 18 	41 3 17 85 20 	60 4 40 59 44 	38 19 79 50 14 	75 3 73 37 74 	50 39 45 16 68 	65 82 68 54 88 	65 82 68 54 88 	
49	07/12/1963	80 5 72 49 36 	5 38 15 27 32 	36 79 71 83 23 	55 72 63 44 25 	51 3 88 74 65 	52 29 32 69 77 	11 66 35 42 17 	30 41 1 81 12 	77 60 23 2 84 	12 31 81 19 8 	12 31 81 19 8 	
48	30/11/1963	74 57 90 9 63 	14 57 43 82 31 	4 61 23 86 59 	48 14 41 39 60 	12 34 37 74 80 	4 41 50 85 2 	18 5 71 88 24 	23 59 2 74 73 	7 54 5 80 40 	23 71 83 61 62 	23 71 83 61 62 	
47	23/11/1963	64 73 61 59 42 	4 22 44 37 6 	30 29 56 26 85 	21 26 72 10 19 	55 11 81 39 37 	16 53 54 19 40 	5 42 24 64 58 	83 79 52 69 17 	14 60 48 21 67 	23 40 20 88 60 	23 40 20 88 60 	
46	16/11/1963	78 40 82 57 26 	50 62 21 15 47 	25 2 47 81 62 	26 33 61 49 75 	86 60 8 73 3 	71 39 65 86 72 	4 86 59 46 72 	1 76 25 85 43 	11 75 67 48 33 	81 40 77 34 33 	81 40 77 34 33 	
45	09/11/1963	77 63 4 88 48 	34 37 22 13 41 	30 88 60 62 20 	26 11 68 49 76 	16 58 52 74 69 	36 77 89 33 82 	22 20 47 54 77 	90 40 79 14 15 	38 40 7 16 30 	26 83 68 35 54 	26 83 68 35 54 	
44	02/11/1963	53 54 26 86 76 	33 75 20 77 10 	26 31 32 68 37 	89 83 88 41 66 	5 87 12 85 33 	13 80 4 75 88 	23 21 26 53 32 	84 90 44 21 6 	18 62 61 28 13 	60 30 43 67 7 	60 30 43 67 7 	
43	26/10/1963	29 43 83 25 63 	83 80 82 65 56 	15 33 55 64 16 	2 9 88 55 24 	38 22 90 50 85 	53 40 12 46 74 	66 82 77 23 49 	31 9 1 12 83 	85 86 79 62 47 	69 14 81 54 74 	69 14 81 54 74 	
42	19/10/1963	80 39 8 45 83 	18 6 21 27 48 	69 61 77 21 31 	24 33 87 72 38 	41 24 87 57 48 	1 70 31 4 83 	63 47 34 66 67 	67 16 49 87 40 	44 72 1 11 67 	29 86 30 66 3 	29 86 30 66 3 	
41	12/10/1963	11 69 36 18 57 	9 45 25 30 32 	39 89 24 14 66 	90 19 13 41 56 	11 8 7 49 28 	8 51 59 46 83 	45 4 19 87 25 	35 40 81 16 84 	30 32 25 16 24 	54 47 75 58 3 	54 47 75 58 3 	
40	05/10/1963	22 65 29 20 10 	85 82 58 7 22 	10 21 71 57 65 	83 75 84 29 60 	30 48 56 1 74 	9 5 66 6 87 	8 86 35 70 9 	49 81 55 27 16 	13 85 69 67 45 	53 40 79 18 7 	53 40 79 18 7 	
39	28/09/1963	18 47 15 85 27 	41 67 79 87 39 	29 53 35 25 57 	60 72 13 4 63 	89 80 25 9 26 	32 8 84 73 40 	41 65 86 85 12 	3 86 18 52 71 	66 57 36 79 84 	22 33 85 70 78 	22 33 85 70 78 	
38	21/09/1963	46 12 15 75 25 	30 16 71 39 24 	16 31 15 3 44 	5 3 15 31 22 	57 36 42 55 53 	16 86 43 89 53 	81 42 64 56 66 	26 73 48 27 1 	58 69 4 60 47 	37 87 14 61 81 	37 87 14 61 81 	
37	14/09/1963	48 52 62 56 73 	28 64 35 2 38 	22 64 16 20 76 	42 84 7 72 34 	90 25 50 27 8 	39 28 26 11 6 	17 2 67 21 10 	32 36 30 89 29 	57 81 43 76 51 	24 54 71 5 58 	24 54 71 5 58 	
36	07/09/1963	51 53 26 59 41 	87 14 12 10 81 	14 32 77 16 37 	46 18 64 14 28 	90 12 30 49 14 	73 52 44 35 48 	39 81 13 29 12 	40 15 22 85 12 	21 19 56 53 86 	67 88 29 79 1 	67 88 29 79 1 	
35	31/08/1963	59 76 39 63 11 	84 76 26 60 13 	18 43 85 33 64 	55 51 25 60 50 	73 74 18 40 19 	84 58 56 47 87 	26 82 37 75 74 	49 8 85 48 51 	63 84 57 30 21 	50 81 39 25 62 	50 81 39 25 62 	
34	24/08/1963	88 70 19 26 66 	37 25 58 5 78 	64 47 44 81 40 	52 9 73 82 20 	83 46 60 30 6 	6 30 24 5 61 	32 57 35 65 78 	53 83 9 2 3 	12 59 83 74 47 	83 36 75 3 45 	83 36 75 3 45 	
33	17/08/1963	35 47 38 22 21 	61 78 29 59 27 	88 68 22 25 29 	54 41 33 81 34 	36 60 6 64 85 	52 5 44 13 47 	29 35 51 28 67 	51 88 54 46 23 	79 27 60 59 33 	57 87 49 71 80 	57 87 49 71 80 	
32	10/08/1963	20 24 49 43 11 	4 88 13 14 31 	90 82 88 86 14 	51 42 15 85 45 	70 28 53 62 63 	36 19 62 90 63 	77 69 61 21 65 	71 38 66 28 25 	40 34 41 84 74 	81 16 35 18 65 	81 16 35 18 65 	
31	03/08/1963	30 62 57 36 66 	29 6 65 15 81 	62 26 51 88 78 	11 85 29 9 78 	86 30 22 89 59 	90 68 84 27 43 	81 13 30 59 11 	30 86 56 37 5 	30 60 85 39 73 	17 63 24 25 27 	17 63 24 25 27 	
30	27/07/1963	15 4 11 36 43 	32 47 53 20 19 	44 21 1 53 90 	8 73 12 90 65 	14 89 64 59 60 	59 42 32 50 13 	66 15 49 61 18 	47 41 3 88 66 	2 36 50 1 10 	71 85 42 86 87 	71 85 42 86 87 	
29	20/07/1963	68 23 88 6 2 	81 39 37 89 80 	8 59 88 26 74 	6 69 89 10 87 	41 25 89 59 13 	14 23 45 74 20 	13 42 79 20 50 	8 19 45 11 22 	43 89 5 17 75 	59 36 9 30 13 	59 36 9 30 13 	
28	13/07/1963	36 11 29 44 65 	80 39 84 30 49 	71 6 48 26 78 	4 49 24 84 54 	81 32 54 49 86 	64 1 6 59 82 	47 61 89 40 57 	59 48 71 39 33 	11 77 24 83 32 	31 49 44 27 68 	31 49 44 27 68 	
27	06/07/1963	2 33 41 70 14 	17 90 26 61 34 	71 28 60 50 49 	37 21 46 74 7 	62 53 47 30 35 	5 33 48 81 60 	61 72 26 54 80 	34 9 27 87 26 	11 53 60 51 67 	64 65 48 23 16 	64 65 48 23 16 	
26	01/07/1963	41 49 28 3 25 	49 31 6 33 48 	74 80 63 3 36 	36 52 31 10 74 	66 42 84 88 80 	55 15 59 14 5 	66 79 23 1 21 	61 62 73 56 32 	71 27 29 72 4 	62 44 82 47 71 	62 44 82 47 71 	
25	22/06/1963	51 84 48 9 11 	63 64 17 60 88 	6 48 72 12 71 	78 67 32 64 75 	8 16 71 51 80 	23 49 90 84 57 	73 2 79 66 59 	90 80 35 3 26 	77 21 26 54 10 	70 54 40 23 30 	70 54 40 23 30 	
24	15/06/1963	14 74 84 33 83 	69 45 6 88 18 	75 30 84 11 60 	40 80 90 58 29 	84 44 57 25 32 	29 7 71 46 66 	48 82 33 59 41 	42 38 64 67 24 	87 62 76 6 12 	33 31 17 13 86 	33 31 17 13 86 	
23	08/06/1963	7 36 38 88 68 	17 85 75 35 79 	21 73 76 26 20 	14 22 55 31 90 	79 11 1 16 84 	30 31 84 73 18 	30 1 72 68 43 	22 29 28 12 77 	79 14 44 31 73 	79 50 27 19 65 	79 50 27 19 65 	
22	01/06/1963	23 1 41 30 75 	50 62 41 56 4 	51 66 50 34 14 	31 18 30 57 75 	61 17 9 29 11 	64 80 37 83 40 	37 16 86 74 68 	74 12 7 64 35 	35 23 55 65 50 	90 61 72 19 65 	90 61 72 19 65 	
21	25/05/1963	26 8 73 35 80 	50 9 83 38 39 	49 83 33 48 34 	8 6 52 55 2 	41 89 28 35 12 	17 7 56 86 19 	55 31 89 50 66 	9 89 24 62 87 	47 17 21 23 31 	5 62 56 22 47 	5 62 56 22 47 	
20	18/05/1963	1 23 18 75 39 	81 42 29 38 35 	31 43 58 76 20 	88 75 21 77 15 	8 44 42 25 10 	69 60 1 73 32 	52 26 25 33 58 	32 90 22 48 4 	81 12 21 82 13 	1 90 60 6 84 	1 90 60 6 84 	
19	11/05/1963	56 72 62 84 51 	80 10 73 58 65 	9 87 14 42 24 	2 3 26 20 67 	74 77 45 23 33 	45 28 10 21 75 	5 7 66 76 73 	80 75 13 31 90 	48 19 36 34 6 	54 66 8 12 24 	54 66 8 12 24 	
18	04/05/1963	21 11 31 54 3 	46 66 44 26 88 	61 8 50 71 79 	12 80 27 29 57 	36 73 25 51 20 	5 12 81 46 33 	68 73 8 31 40 	58 76 4 15 22 	21 24 7 61 15 	57 30 24 9 19 	57 30 24 9 19 	
17	27/04/1963	78 48 42 72 88 	67 29 56 87 55 	49 57 58 11 62 	11 78 52 73 54 	89 16 58 33 90 	10 13 71 22 76 	23 63 89 12 38 	68 45 83 82 33 	79 31 84 16 33 	15 46 49 72 14 	15 46 49 72 14 	
16	20/04/1963	27 89 45 88 38 	51 12 27 10 86 	57 55 70 45 9 	7 15 50 6 45 	51 12 84 33 41 	49 30 62 3 15 	49 74 43 23 48 	81 18 7 28 84 	2 13 90 58 37 	81 35 27 49 68 	81 35 27 49 68 	
15	13/04/1963	11 51 20 83 27 	35 25 58 18 23 	69 15 72 16 3 	44 43 25 37 49 	46 6 3 63 43 	44 51 21 6 86 	30 13 53 11 73 	46 38 78 37 8 	84 19 17 15 63 	86 75 71 10 20 	86 75 71 10 20 	
14	06/04/1963	50 53 66 12 5 	34 85 30 66 82 	67 49 51 12 27 	33 35 72 4 18 	26 20 46 42 74 	30 42 50 4 18 	63 48 19 52 71 	44 43 26 29 35 	73 32 67 21 22 	83 53 55 42 61 	83 53 55 42 61 	
13	30/03/1963	88 10 22 58 89 	62 53 13 5 42 	55 28 51 7 37 	64 25 73 49 47 	11 84 12 54 38 	76 79 37 1 71 	48 39 2 84 17 	42 10 54 87 79 	66 33 73 74 71 	90 7 62 54 22 	90 7 62 54 22 	
12	23/03/1963	45 1 35 31 63 	41 88 46 38 31 	78 3 20 21 42 	19 27 58 81 3 	12 69 17 16 73 	19 44 39 12 72 	44 39 83 33 55 	40 39 41 1 84 	75 48 21 51 80 	6 80 67 51 7 	6 80 67 51 7 	
11	16/03/1963	22 56 62 85 69 	22 26 40 3 49 	3 67 58 48 85 	68 29 40 55 27 	33 55 85 17 27 	53 8 12 44 70 	10 62 34 6 70 	89 81 72 54 82 	69 55 5 35 30 	76 67 14 88 3 	76 67 14 88 3 	
10	09/03/1963	36 75 21 5 67 	30 86 61 26 1 	66 26 43 17 24 	79 43 41 6 62 	55 53 8 54 81 	2 81 11 5 27 	41 30 70 46 25 	46 82 53 13 78 	33 54 59 61 58 	35 42 3 15 62 	35 42 3 15 62 	
9	02/03/1963	59 73 65 74 13 	21 20 74 59 7 	52 46 49 55 14 	82 62 4 61 40 	79 67 82 63 68 	75 81 76 83 16 	59 84 55 73 37 	62 84 66 54 72 	26 62 76 65 9 	40 51 17 76 31 	40 51 17 76 31 	
8	23/02/1963	62 56 48 87 15 	63 33 83 13 36 	42 82 53 65 69 	42 9 25 46 70 	13 4 8 82 47 	31 62 88 81 90 	20 31 22 82 68 	58 28 48 11 39 	81 23 76 41 20 	82 37 25 66 43 	82 37 25 66 43 	
7	16/02/1963	54 35 40 29 64 	81 36 28 83 16 	53 87 75 28 19 	55 20 35 67 27 	45 89 26 4 48 	5 22 68 59 32 	24 13 3 21 10 	27 36 33 66 9 	17 41 66 35 46 	77 9 8 15 29 	77 9 8 15 29 	
6	09/02/1963	76 51 63 12 28 	76 60 53 39 68 	60 84 27 85 12 	28 77 29 10 46 	78 48 89 47 38 	33 14 29 38 71 	60 17 30 39 46 	70 27 46 81 56 	1 80 6 37 90 	23 55 81 13 15 	23 55 81 13 15 	
5	02/02/1963	12 35 78 31 26 	13 90 70 85 86 	74 83 20 44 12 	82 86 14 23 62 	76 21 25 8 40 	58 81 16 90 14 	60 51 24 87 32 	19 48 25 2 88 	49 35 15 83 25 	46 59 10 90 78 	46 59 10 90 78 	
4	26/01/1963	8 63 37 77 28 	72 70 42 21 64 	61 11 46 3 53 	85 70 64 68 24 	19 37 39 18 85 	82 43 49 85 26 	47 82 62 78 4 	76 64 81 10 27 	68 4 55 79 20 	21 2 16 18 78 	21 2 16 18 78 	
3	19/01/1963	82 65 60 21 74 	35 76 50 22 28 	62 16 66 43 90 	18 71 57 44 9 	41 8 46 24 3 	47 55 66 26 2 	54 65 15 4 62 	79 10 76 25 59 	7 69 64 30 85 	45 57 47 26 34 	45 57 47 26 34 	
2	12/01/1963	16 32 51 46 23 	57 42 27 35 1 	54 62 87 51 67 	54 16 60 1 82 	24 10 50 67 14 	54 1 43 82 79 	47 80 59 81 56 	2 43 87 75 53 	53 46 37 42 25 	66 37 89 24 38 	66 37 89 24 38 	
1	05/01/1963	77 23 37 46 12 	2 3 13 18 32 	11 57 67 64 2 	62 81 83 89 49 	9 46 13 3 26 	78 82 85 5 75 	81 49 55 25 75 	1 38 64 77 3 	90 68 41 65 76 	20 49 6 36 85 	20 49 6 36 85 	
