Lotto
Archivio estrazioni Lotto anno 2011 aggiornato al 31/12/2011
Concorso	Data	Bari	Cagliari	Firenze	Genova	Milano	Napoli	Palermo	Roma	Torino	Venezia	Nazionale	
157	31/12/2011	44 69 27 7 82 	61 13 69 86 29 	53 68 16 7 42 	54 29 66 84 34 	1 57 15 21 89 	28 29 41 30 3 	46 27 20 44 57 	76 79 17 59 69 	1 35 58 18 44 	40 68 82 18 25 	64 89 27 26 74 	
156	29/12/2011	79 20 39 44 82 	66 73 52 84 76 	63 82 65 4 16 	66 22 81 16 82 	50 58 48 23 45 	44 60 67 58 11 	29 39 46 10 22 	45 59 74 73 69 	32 6 20 48 51 	37 19 79 58 42 	1 14 10 70 32 	
155	27/12/2011	31 46 81 82 28 	44 68 90 77 80 	2 22 58 24 79 	43 23 52 89 87 	77 70 56 78 87 	21 48 2 79 23 	89 87 5 6 86 	57 10 60 80 55 	4 76 26 82 24 	11 6 51 84 67 	20 48 76 52 29 	
154	24/12/2011	37 65 41 78 34 	35 1 90 6 67 	9 82 58 45 64 	67 74 64 65 12 	68 26 7 15 89 	82 63 40 77 9 	85 24 59 22 47 	4 62 41 2 40 	47 48 45 8 82 	17 81 35 46 55 	42 27 43 80 55 	
153	22/12/2011	72 26 13 70 14 	81 61 15 62 44 	62 52 2 5 82 	80 55 38 70 83 	82 27 7 79 71 	34 28 42 74 80 	75 15 32 46 9 	27 7 36 54 45 	14 30 37 60 24 	49 15 84 4 37 	28 57 62 90 39 	
152	20/12/2011	29 76 34 84 83 	88 26 57 51 80 	6 34 70 51 3 	58 86 38 80 70 	15 69 6 7 47 	37 22 23 8 69 	22 49 37 40 11 	44 29 7 63 74 	18 7 29 65 55 	72 30 49 11 28 	47 55 59 45 43 	
151	17/12/2011	51 86 7 73 48 	27 31 83 84 43 	60 52 6 49 40 	36 10 86 25 31 	40 82 24 84 47 	81 71 6 78 39 	1 56 18 61 80 	54 75 63 8 32 	49 26 70 78 35 	29 57 43 58 18 	33 49 12 88 80 	
150	15/12/2011	78 1 65 70 68 	25 60 32 78 20 	28 3 33 79 29 	90 80 9 64 63 	89 86 50 28 23 	37 38 54 35 28 	23 12 80 20 73 	38 29 83 47 56 	1 12 88 72 5 	84 52 15 2 82 	27 62 4 60 64 	
149	13/12/2011	50 15 42 32 62 	6 78 58 33 13 	42 35 19 38 5 	24 36 9 48 44 	49 9 80 88 35 	26 84 3 24 18 	38 8 71 9 65 	38 20 46 78 81 	20 61 25 71 3 	70 41 17 26 45 	70 54 31 37 10 	
148	10/12/2011	89 31 51 11 69 	67 53 80 75 34 	43 75 10 68 3 	81 28 86 26 31 	15 90 34 14 32 	75 12 1 9 58 	52 13 90 48 58 	48 45 16 74 60 	20 70 83 36 75 	68 22 26 74 81 	81 67 7 84 77 	
147	09/12/2011	46 12 14 50 75 	45 5 90 22 88 	28 21 8 86 80 	33 63 41 43 31 	15 67 87 90 19 	61 14 3 9 20 	15 6 63 68 58 	39 57 65 32 52 	84 3 32 41 58 	86 68 34 19 73 	82 85 64 23 29 	
146	06/12/2011	35 54 41 3 15 	2 46 9 47 7 	74 88 49 24 14 	71 89 63 11 78 	21 46 88 66 19 	12 71 14 81 19 	37 80 32 55 16 	26 31 77 71 80 	89 20 4 22 74 	84 61 87 71 50 	72 83 60 81 20 	
145	03/12/2011	56 20 41 29 27 	37 50 51 43 71 	4 35 28 75 80 	25 68 66 46 89 	60 71 80 52 89 	65 79 24 60 21 	37 41 40 28 66 	31 85 7 42 36 	19 42 70 83 32 	17 68 33 3 57 	30 37 41 47 45 	
144	01/12/2011	84 60 86 61 45 	59 38 69 65 63 	43 15 65 58 60 	14 7 2 83 17 	26 59 60 27 49 	55 5 54 3 44 	30 23 85 59 74 	75 31 23 20 15 	30 53 47 44 3 	15 89 57 1 13 	12 53 55 36 19 	
143	29/11/2011	53 56 63 26 14 	1 37 58 88 42 	61 25 64 11 33 	62 37 64 90 34 	70 87 21 90 55 	12 39 6 41 87 	51 27 55 62 23 	35 5 18 56 45 	86 6 31 4 59 	75 9 42 17 22 	35 63 58 17 57 	
142	26/11/2011	64 61 37 26 75 	28 66 17 7 44 	31 23 20 77 25 	74 44 34 84 80 	57 16 79 69 20 	20 57 22 68 29 	53 49 67 4 87 	58 71 89 44 1 	38 60 82 51 5 	77 76 61 26 36 	84 86 36 88 61 	
141	24/11/2011	23 27 69 13 31 	24 11 40 59 83 	42 26 8 79 14 	29 15 75 90 40 	5 49 28 35 2 	6 65 32 2 86 	90 37 33 69 58 	44 31 30 85 32 	68 20 66 39 89 	2 62 24 29 88 	74 50 66 48 4 	
140	22/11/2011	11 42 63 23 38 	37 54 31 3 75 	42 6 17 43 10 	81 5 63 88 29 	77 56 11 59 16 	39 31 24 66 76 	19 89 81 39 17 	79 3 64 55 51 	43 49 60 46 76 	49 76 65 53 36 	60 16 14 72 19 	
139	19/11/2011	53 31 83 43 88 	52 67 23 55 69 	53 23 27 45 66 	72 4 35 49 43 	17 3 53 9 66 	51 28 17 22 79 	89 80 82 2 47 	28 13 27 74 51 	15 9 59 31 40 	65 4 67 26 6 	4 23 84 54 89 	
138	17/11/2011	77 3 26 46 22 	15 50 16 56 62 	87 11 5 25 88 	70 44 37 17 89 	55 31 84 90 38 	70 71 88 49 58 	88 9 18 69 63 	56 49 47 38 88 	86 43 70 10 7 	47 4 63 52 39 	29 34 23 9 71 	
137	15/11/2011	57 39 22 6 65 	9 35 60 67 55 	83 75 19 22 3 	17 87 86 34 41 	68 21 80 85 64 	63 42 90 80 19 	42 18 52 3 35 	75 18 24 31 90 	30 39 3 14 56 	27 54 42 7 77 	55 2 85 43 52 	
136	12/11/2011	16 43 89 72 56 	39 25 42 80 31 	78 90 5 12 57 	78 9 37 32 2 	76 62 21 37 42 	45 69 15 2 78 	87 65 46 12 53 	88 54 39 6 81 	38 21 62 15 70 	48 28 85 84 77 	78 26 45 5 76 	
135	10/11/2011	75 52 50 27 78 	72 25 79 76 70 	11 69 41 28 62 	56 24 19 86 54 	79 63 29 57 27 	3 78 12 41 32 	85 38 26 20 41 	85 73 87 66 8 	21 62 78 1 24 	17 40 34 48 14 	15 86 69 38 8 	
134	08/11/2011	67 11 79 76 71 	20 71 21 57 42 	47 44 46 7 21 	16 18 68 78 86 	78 5 60 33 49 	61 57 4 9 31 	60 46 24 43 48 	51 85 32 52 42 	88 62 78 12 13 	58 34 32 27 87 	65 2 73 59 43 	
133	05/11/2011	5 68 32 87 11 	62 83 87 81 45 	18 22 23 86 24 	86 62 56 60 79 	72 9 42 26 88 	20 51 2 26 1 	41 61 34 85 17 	83 51 6 82 88 	2 30 33 80 85 	32 47 84 41 27 	70 53 36 80 18 	
132	03/11/2011	31 40 15 16 4 	57 30 64 4 47 	75 41 89 28 87 	31 33 25 38 82 	44 61 41 38 14 	39 10 78 26 47 	27 74 72 14 2 	66 85 48 77 52 	35 84 66 2 60 	56 66 1 35 88 	3 25 26 55 54 	
131	02/11/2011	6 34 37 71 33 	4 63 25 8 16 	73 60 47 30 43 	37 73 38 4 71 	66 74 61 26 67 	21 78 59 44 40 	73 89 20 32 88 	24 30 52 21 34 	48 86 14 24 81 	41 30 28 12 35 	58 86 13 52 24 	
130	29/10/2011	5 66 3 14 23 	73 13 90 78 23 	82 78 72 67 73 	5 14 28 71 26 	87 64 39 46 10 	21 38 81 76 74 	21 62 72 7 49 	42 80 8 19 82 	32 78 69 41 90 	51 55 74 71 79 	58 10 32 7 70 	
129	27/10/2011	2 35 82 48 21 	84 2 32 50 63 	84 21 12 5 38 	39 36 11 53 84 	57 79 16 10 44 	90 77 55 88 12 	1 49 36 71 63 	72 46 67 42 37 	83 87 40 63 52 	87 9 76 51 13 	78 75 64 43 39 	
128	25/10/2011	77 87 89 8 25 	86 46 16 56 57 	75 42 27 12 4 	55 48 78 65 87 	38 83 13 48 47 	74 11 35 12 21 	11 9 21 7 44 	47 24 38 46 25 	79 71 4 30 61 	2 17 9 23 61 	50 26 7 46 20 	
127	22/10/2011	22 28 81 87 34 	73 33 27 78 22 	63 28 58 48 7 	52 59 61 10 19 	77 52 36 81 9 	14 89 22 11 44 	41 59 89 24 8 	59 65 29 66 67 	77 46 82 66 76 	2 55 41 54 35 	29 89 27 26 44 	
126	20/10/2011	88 90 53 83 19 	3 73 25 46 28 	23 75 51 19 17 	24 15 77 56 73 	18 10 4 82 19 	67 2 37 82 42 	86 22 30 41 5 	3 15 63 2 25 	20 74 82 70 81 	88 56 81 77 44 	89 31 3 71 49 	
125	18/10/2011	74 25 48 10 18 	21 76 69 80 81 	7 47 14 87 26 	66 38 81 62 31 	43 4 89 34 40 	22 86 21 14 73 	4 81 61 12 83 	49 84 76 25 18 	52 28 42 50 79 	73 10 18 32 9 	54 31 33 18 56 	
124	15/10/2011	70 23 41 55 53 	50 1 56 71 76 	81 27 52 25 1 	79 17 22 42 3 	67 62 15 82 40 	59 42 30 82 54 	10 76 13 47 74 	1 86 15 42 20 	21 62 75 43 15 	48 87 84 13 67 	46 3 37 73 69 	
123	13/10/2011	39 24 49 47 54 	37 70 25 88 90 	39 29 26 81 59 	25 88 75 51 76 	90 80 65 58 22 	14 9 16 13 44 	44 27 58 49 42 	37 43 89 48 11 	84 82 72 56 28 	36 53 83 9 32 	22 38 54 1 27 	
122	11/10/2011	75 29 11 86 88 	6 47 3 16 8 	79 81 20 74 13 	34 19 42 21 12 	36 51 20 31 34 	78 65 17 66 42 	50 25 86 23 77 	83 13 29 88 86 	78 23 60 42 16 	66 68 58 72 53 	15 63 79 12 56 	
121	08/10/2011	52 30 76 67 51 	36 63 31 45 32 	66 62 72 12 1 	66 1 47 4 19 	82 22 34 76 33 	23 12 10 78 49 	70 41 9 32 71 	44 63 5 55 46 	24 30 77 7 62 	32 80 17 39 7 	36 75 13 37 21 	
120	06/10/2011	44 47 77 72 86 	62 8 73 80 42 	30 68 33 31 15 	77 88 17 79 31 	66 76 50 32 43 	30 31 40 60 46 	82 63 1 4 33 	27 33 73 32 35 	47 83 22 68 15 	55 48 60 41 43 	32 66 10 89 50 	
119	04/10/2011	8 45 88 46 18 	78 84 52 55 49 	90 63 76 4 9 	29 73 81 47 34 	3 77 10 86 61 	76 71 7 17 60 	53 43 45 4 25 	88 53 28 14 30 	11 6 27 65 72 	7 37 22 40 28 	39 17 76 72 20 	
118	01/10/2011	33 54 67 65 45 	55 23 58 6 71 	22 7 48 18 74 	88 51 57 33 39 	71 2 13 56 49 	83 7 19 9 57 	89 56 23 50 15 	23 38 30 6 39 	4 84 65 55 78 	87 39 44 18 40 	88 8 68 38 4 	
117	29/09/2011	83 59 30 4 74 	48 36 38 1 43 	32 55 18 58 88 	23 52 76 12 19 	48 26 75 61 70 	24 30 70 12 13 	33 70 77 89 20 	57 10 38 36 21 	15 69 49 20 65 	82 18 24 3 47 	59 42 15 55 63 	
116	27/09/2011	69 14 59 66 17 	15 7 5 56 62 	49 17 84 1 10 	45 16 10 58 20 	45 22 53 75 23 	13 60 50 65 25 	30 75 83 63 41 	43 24 79 53 55 	70 54 60 8 18 	55 58 79 41 24 	65 66 29 85 86 	
115	24/09/2011	14 23 57 54 52 	38 74 49 35 58 	88 32 25 90 50 	69 83 24 5 50 	48 85 23 84 5 	89 50 54 30 18 	31 12 64 24 51 	90 63 29 22 21 	21 41 84 2 34 	36 12 2 81 13 	77 57 64 42 40 	
114	22/09/2011	35 76 89 51 12 	9 29 69 77 37 	3 37 21 82 76 	84 56 1 68 42 	10 31 44 34 14 	66 38 35 26 52 	46 22 8 20 45 	3 83 70 2 56 	29 11 44 10 32 	14 62 88 77 32 	20 49 42 35 36 	
113	20/09/2011	85 75 4 20 71 	33 42 62 70 71 	32 60 37 82 18 	48 76 20 38 53 	75 35 56 20 8 	73 89 68 85 88 	44 78 85 4 64 	9 12 35 13 66 	34 52 88 17 68 	28 39 58 9 43 	25 2 15 82 48 	
112	17/09/2011	48 68 36 11 37 	15 20 51 18 66 	25 48 52 18 24 	61 57 12 21 4 	54 18 79 6 57 	50 1 7 18 44 	1 90 67 65 14 	15 26 46 89 44 	76 60 83 22 5 	49 36 35 34 90 	15 29 88 74 50 	
111	15/09/2011	40 51 39 7 29 	88 72 12 1 76 	7 8 77 17 56 	25 31 6 89 33 	58 64 13 60 78 	20 60 38 28 84 	26 1 59 58 5 	3 80 85 70 31 	30 85 63 6 70 	39 38 20 46 66 	12 46 74 25 45 	
110	13/09/2011	79 31 71 73 86 	54 82 1 44 15 	35 46 27 3 40 	47 22 44 81 39 	3 26 35 89 12 	26 60 86 42 48 	73 53 16 36 62 	42 31 88 1 86 	48 53 79 57 42 	67 76 66 89 71 	61 38 35 54 78 	
109	10/09/2011	43 24 21 90 16 	30 49 52 90 13 	57 87 7 75 25 	84 82 19 57 12 	3 69 62 21 45 	6 87 53 74 21 	59 48 37 67 47 	56 17 80 22 53 	36 5 9 75 49 	45 25 77 73 8 	67 76 13 32 87 	
108	08/09/2011	82 33 3 48 20 	28 77 40 22 21 	70 7 37 61 53 	80 10 14 23 42 	87 36 13 80 22 	62 47 60 14 29 	90 6 18 42 26 	86 6 53 1 21 	78 6 80 1 14 	16 43 3 18 5 	51 83 86 80 29 	
107	06/09/2011	1 38 31 65 77 	33 63 77 89 23 	30 11 80 40 77 	65 75 29 4 7 	37 66 5 71 65 	12 77 50 57 80 	55 71 12 35 18 	12 18 77 25 11 	39 66 74 76 87 	85 1 22 37 61 	41 54 57 20 37 	
106	03/09/2011	89 46 52 65 17 	5 60 57 32 54 	85 83 30 68 14 	4 79 87 8 45 	71 89 38 14 11 	27 66 53 32 7 	84 13 1 77 90 	20 14 74 32 35 	45 23 11 88 50 	23 51 56 39 32 	38 84 50 44 54 	
105	01/09/2011	70 81 82 42 69 	62 31 2 12 44 	44 64 86 78 20 	40 66 14 21 77 	76 62 3 39 13 	74 59 5 43 45 	58 22 40 41 51 	54 50 46 77 84 	90 13 53 70 14 	68 22 60 25 23 	38 51 65 12 40 	
104	30/08/2011	24 38 90 31 60 	12 19 79 39 53 	5 78 12 49 73 	18 21 24 14 40 	81 30 67 82 19 	72 10 33 17 67 	13 62 24 16 22 	85 9 37 52 45 	77 43 27 16 72 	29 24 27 42 89 	17 70 59 11 7 	
103	27/08/2011	56 40 57 14 54 	65 32 83 88 77 	38 32 56 43 68 	68 42 80 24 16 	57 69 23 25 4 	51 77 2 59 1 	61 6 78 4 44 	66 62 72 19 78 	19 21 33 25 87 	12 14 64 89 18 	1 51 86 56 66 	
102	25/08/2011	81 47 78 27 20 	78 43 31 27 72 	30 2 23 19 62 	71 5 6 86 72 	59 79 38 64 63 	12 89 44 56 76 	76 58 61 84 12 	46 10 11 25 44 	81 44 65 23 61 	9 40 6 12 41 	51 16 82 66 24 	
101	23/08/2011	58 51 57 27 8 	16 31 82 3 4 	6 90 44 58 68 	3 39 18 47 4 	85 7 60 45 44 	8 35 3 23 27 	79 87 56 77 59 	62 81 61 69 21 	35 60 79 80 72 	51 62 22 9 1 	80 87 28 43 41 	
100	20/08/2011	85 41 68 46 47 	64 4 56 2 1 	16 13 32 37 39 	79 56 90 5 8 	7 55 83 45 51 	38 74 4 43 81 	78 71 77 75 42 	4 80 49 88 25 	74 1 83 38 63 	27 67 1 39 34 	44 82 36 25 56 	
99	18/08/2011	66 24 36 25 57 	38 85 44 29 77 	69 38 73 87 30 	57 63 19 20 88 	37 77 38 47 65 	54 86 67 26 27 	49 19 21 74 81 	6 15 25 38 9 	26 27 19 66 63 	74 58 90 83 72 	76 39 88 41 57 	
98	16/08/2011	59 21 42 86 46 	38 36 83 65 59 	42 59 76 84 41 	28 65 38 17 37 	60 6 77 79 65 	75 11 40 35 84 	2 58 78 51 8 	82 25 86 14 31 	32 33 69 8 39 	13 44 56 53 9 	74 36 68 65 12 	
97	13/08/2011	86 77 22 33 13 	1 48 45 30 23 	80 41 18 45 42 	30 15 37 6 42 	78 29 70 42 57 	15 63 48 51 67 	22 39 47 38 3 	8 79 9 17 7 	1 5 63 52 32 	24 14 49 52 69 	80 75 49 19 10 	
96	11/08/2011	56 60 40 24 63 	34 55 5 87 36 	9 41 12 81 50 	34 19 59 16 78 	90 36 51 75 4 	73 57 29 42 12 	62 53 18 58 47 	14 77 4 43 86 	70 73 52 37 45 	19 35 16 3 17 	70 45 83 76 47 	
95	09/08/2011	68 6 1 64 78 	83 12 63 75 52 	28 9 14 47 5 	52 9 78 7 31 	83 44 69 82 45 	55 47 82 40 84 	16 8 74 78 41 	4 50 42 12 15 	55 60 33 82 84 	15 16 51 6 79 	12 80 35 43 42 	
94	06/08/2011	15 58 57 2 61 	81 7 70 86 41 	30 4 80 47 40 	59 77 48 74 55 	2 53 60 72 63 	24 53 3 55 71 	24 70 2 65 9 	68 56 31 40 78 	69 17 6 21 52 	53 43 57 15 71 	86 82 16 89 5 	
93	04/08/2011	3 73 25 66 53 	20 43 15 78 8 	20 30 50 59 88 	61 48 60 62 78 	50 74 5 55 27 	58 89 73 2 6 	27 49 23 1 89 	4 61 47 19 75 	90 41 50 1 28 	11 87 1 59 12 	64 81 45 20 39 	
92	02/08/2011	37 53 87 59 25 	1 5 57 60 11 	65 15 62 80 43 	54 75 2 62 21 	31 24 74 77 44 	39 83 59 90 43 	90 46 82 55 78 	68 34 3 52 83 	14 65 54 42 50 	77 45 9 40 83 	34 50 61 82 84 	
91	30/07/2011	32 82 13 24 65 	45 15 44 82 2 	10 22 62 45 75 	82 4 51 26 41 	57 56 31 89 50 	85 64 48 41 21 	75 45 72 4 1 	2 66 79 30 45 	50 6 86 46 39 	70 11 61 81 25 	51 30 47 27 58 	
90	28/07/2011	84 4 15 83 14 	82 70 30 85 27 	59 45 51 53 4 	53 34 4 87 54 	45 69 35 1 81 	87 49 40 84 47 	13 73 12 45 50 	37 30 12 58 33 	45 1 74 85 53 	25 37 59 73 15 	19 9 8 66 15 	
89	26/07/2011	21 57 56 45 9 	44 61 41 79 6 	18 65 60 56 59 	36 90 67 6 34 	64 29 27 67 89 	85 37 30 12 64 	37 16 58 81 75 	31 8 32 16 40 	76 16 23 37 27 	86 35 6 25 28 	36 34 17 60 50 	
88	23/07/2011	28 82 26 65 67 	6 72 26 74 57 	17 49 16 3 7 	50 75 40 53 11 	1 27 11 30 22 	4 43 23 26 32 	55 88 31 78 12 	39 41 60 58 70 	16 17 47 36 78 	74 76 78 12 24 	53 44 19 26 68 	
87	21/07/2011	18 38 25 14 62 	42 13 85 60 7 	3 78 19 75 74 	29 72 60 58 42 	58 75 88 22 76 	82 63 74 41 47 	64 56 44 49 71 	77 87 88 27 52 	29 79 7 9 67 	66 29 27 77 13 	16 3 66 20 62 	
86	19/07/2011	10 41 44 57 73 	52 28 64 4 53 	84 50 40 37 72 	53 27 76 78 42 	57 10 34 29 83 	31 86 47 43 10 	22 38 86 34 78 	8 61 53 10 72 	68 77 52 25 10 	15 69 1 78 6 	43 36 53 66 51 	
85	16/07/2011	54 90 59 18 20 	72 38 77 61 26 	78 2 44 61 52 	21 60 78 63 86 	77 72 55 44 41 	11 12 50 22 89 	38 41 35 70 2 	69 74 28 52 83 	36 44 24 33 12 	42 10 33 17 38 	24 54 5 9 1 	
84	14/07/2011	25 42 54 34 70 	82 38 55 58 40 	58 59 69 75 62 	42 66 80 79 9 	73 14 10 28 66 	18 30 21 27 8 	66 6 23 65 69 	25 56 85 72 89 	63 60 84 77 47 	17 63 16 73 5 	73 78 27 60 70 	
83	12/07/2011	20 66 80 25 28 	33 43 61 41 75 	6 50 36 31 65 	88 4 7 78 16 	40 25 14 84 60 	52 87 22 78 73 	68 54 4 81 51 	66 3 32 12 43 	35 11 52 44 32 	16 58 89 14 69 	72 21 14 63 68 	
82	09/07/2011	87 23 70 10 21 	73 64 85 57 10 	65 67 81 64 30 	40 56 85 51 1 	67 86 71 24 12 	54 26 71 77 76 	59 30 16 38 52 	6 15 79 37 83 	34 13 4 26 16 	57 7 6 18 28 	76 81 12 23 78 	
81	07/07/2011	43 30 79 37 73 	5 64 15 28 73 	54 11 84 12 70 	12 87 10 35 4 	86 32 16 5 40 	90 69 42 72 33 	85 3 54 40 32 	83 78 29 42 14 	41 31 61 26 3 	28 75 1 57 69 	69 80 29 53 42 	
80	05/07/2011	8 30 44 14 36 	42 3 25 48 72 	49 69 19 47 36 	72 63 35 85 29 	4 56 42 40 39 	37 71 22 77 63 	65 55 90 38 78 	88 64 16 45 47 	9 89 53 45 75 	15 45 66 37 14 	35 53 66 44 21 	
79	02/07/2011	34 80 57 85 14 	62 24 66 8 48 	44 56 7 57 30 	67 22 36 70 4 	79 48 14 10 67 	26 74 68 13 65 	10 19 77 43 52 	11 48 61 28 15 	74 58 42 90 50 	75 71 59 60 56 	63 12 66 62 3 	
78	30/06/2011	77 30 73 71 62 	33 69 62 34 30 	72 71 33 67 42 	81 2 82 86 90 	4 65 59 47 87 	3 38 25 66 59 	18 35 44 74 28 	61 54 65 83 41 	67 7 43 33 88 	80 31 34 87 65 	50 45 47 37 61 	
77	28/06/2011	72 6 68 10 48 	24 29 75 6 23 	23 67 75 72 60 	72 62 74 30 65 	7 14 8 32 87 	86 5 24 43 61 	90 28 43 54 30 	73 4 48 15 65 	50 48 31 73 29 	69 1 42 68 36 	16 72 77 76 30 	
76	25/06/2011	79 30 24 52 61 	19 40 14 74 79 	44 38 89 14 72 	69 79 82 51 9 	19 47 81 28 56 	76 18 19 73 46 	20 14 57 6 13 	85 65 33 25 22 	60 51 21 79 32 	10 60 5 90 73 	40 49 69 17 85 	
75	23/06/2011	42 87 33 75 23 	42 67 59 29 1 	67 86 69 60 47 	40 73 79 75 14 	85 78 35 77 83 	41 75 30 84 37 	19 53 20 78 56 	78 29 1 41 35 	87 49 10 26 78 	67 4 20 72 9 	87 40 11 25 19 	
74	21/06/2011	15 23 39 14 37 	30 19 68 74 14 	29 52 40 82 72 	64 17 36 80 68 	72 90 65 8 18 	64 78 86 16 33 	2 41 52 49 77 	18 25 16 24 88 	16 1 26 2 44 	30 51 28 38 33 	23 90 72 67 10 	
73	18/06/2011	10 4 15 40 1 	56 64 5 75 21 	11 74 39 4 64 	54 66 85 57 7 	25 79 26 17 46 	21 49 38 54 51 	62 16 74 68 48 	15 53 29 16 41 	2 28 40 29 82 	58 81 5 24 2 	21 23 19 27 70 	
72	16/06/2011	44 61 77 71 5 	43 47 5 68 9 	38 1 76 41 54 	1 20 36 83 26 	10 85 12 1 74 	12 76 25 20 52 	84 62 89 12 64 	16 21 2 63 25 	33 29 12 76 45 	22 81 63 39 77 	13 88 4 65 78 	
71	14/06/2011	6 40 26 36 37 	27 8 73 42 69 	81 86 22 14 41 	53 54 44 56 65 	54 36 38 31 26 	49 42 77 38 36 	3 37 20 51 30 	19 24 16 39 62 	56 2 69 42 22 	86 64 58 81 76 	28 43 50 18 14 	
70	11/06/2011	35 29 63 48 12 	54 24 73 59 43 	90 82 23 51 80 	6 59 82 89 60 	80 59 20 68 16 	45 30 69 32 25 	71 75 77 45 26 	18 12 26 69 15 	81 32 24 36 46 	71 53 1 76 43 	59 16 57 38 72 	
69	09/06/2011	33 12 74 32 24 	11 31 27 36 81 	49 37 53 62 1 	68 3 46 21 84 	70 4 65 45 85 	27 36 62 41 80 	11 32 59 1 88 	34 39 82 1 67 	25 79 14 66 18 	32 20 5 77 10 	7 71 31 87 65 	
68	07/06/2011	71 83 60 69 14 	54 8 17 3 83 	3 7 68 1 16 	17 77 20 15 71 	84 2 39 61 62 	27 45 41 35 3 	17 36 39 80 5 	40 87 3 16 21 	1 12 22 23 14 	84 50 53 48 67 	64 80 21 27 15 	
67	04/06/2011	25 43 70 38 76 	37 74 6 59 29 	57 43 35 82 28 	18 20 73 84 71 	30 13 61 42 62 	72 29 90 47 65 	45 42 86 80 3 	63 79 23 56 75 	52 49 15 39 17 	18 50 2 31 8 	34 87 33 30 28 	
66	03/06/2011	80 14 88 69 3 	3 59 46 57 45 	46 47 30 75 6 	74 76 3 73 32 	49 23 88 83 72 	16 68 70 57 26 	75 42 83 12 64 	69 43 16 15 44 	20 28 10 1 58 	88 40 78 64 45 	57 75 47 68 32 	
65	31/05/2011	33 82 28 34 69 	76 8 56 73 17 	44 50 9 54 16 	19 72 28 77 31 	20 78 44 5 62 	62 84 15 56 44 	87 17 56 30 61 	18 7 79 3 35 	34 47 68 15 8 	83 64 73 37 12 	86 50 73 35 20 	
64	28/05/2011	68 10 20 22 51 	54 71 35 68 74 	38 72 79 37 14 	74 12 90 49 77 	48 50 69 7 43 	85 50 79 10 51 	53 35 71 55 72 	85 28 58 71 17 	32 16 14 81 84 	90 63 40 29 19 	57 70 55 77 71 	
63	26/05/2011	14 38 67 26 4 	27 83 1 39 2 	11 66 65 10 25 	43 19 89 60 5 	45 21 1 14 82 	20 61 81 72 22 	43 55 24 20 35 	32 36 89 52 68 	58 29 79 77 65 	56 20 23 21 81 	25 73 21 49 23 	
62	24/05/2011	89 17 81 6 40 	21 15 42 67 11 	31 17 45 70 69 	55 65 52 90 15 	52 78 62 37 9 	79 32 43 28 33 	73 62 60 84 20 	69 2 13 42 81 	74 88 47 56 14 	50 36 70 61 21 	34 75 53 77 62 	
61	21/05/2011	89 19 1 27 78 	58 23 55 39 6 	71 23 26 21 55 	11 68 89 43 3 	36 44 37 73 58 	44 63 9 19 83 	19 47 90 45 76 	67 76 30 8 12 	64 56 26 53 43 	49 43 80 4 85 	48 88 2 6 71 	
60	19/05/2011	30 53 16 66 10 	79 25 10 13 41 	28 4 74 71 48 	58 55 71 29 56 	31 46 90 58 37 	12 23 81 76 74 	23 82 19 16 21 	43 49 71 76 1 	51 82 88 48 31 	50 47 35 31 13 	23 26 70 36 2 	
59	17/05/2011	48 41 30 49 20 	18 27 3 25 88 	47 74 68 85 19 	11 66 78 81 6 	19 63 84 66 38 	73 78 27 40 5 	43 47 22 55 67 	71 62 33 58 86 	46 37 36 59 30 	42 1 51 40 32 	80 76 34 71 57 	
58	14/05/2011	28 58 11 30 35 	62 56 18 25 53 	37 25 43 10 17 	54 55 23 15 59 	51 26 40 24 78 	24 17 54 37 31 	70 55 7 59 64 	46 24 78 10 42 	69 54 77 22 3 	76 16 26 55 82 	57 21 17 87 27 	
57	12/05/2011	57 85 64 5 77 	3 61 74 65 80 	3 16 83 2 81 	53 17 23 47 83 	49 57 19 69 82 	25 71 49 43 72 	52 89 50 38 88 	69 90 82 17 25 	83 82 36 48 58 	32 42 74 40 22 	13 34 47 25 69 	
56	10/05/2011	15 21 77 78 8 	5 81 73 66 64 	34 40 8 43 27 	74 5 2 35 1 	82 76 30 69 38 	20 28 46 47 3 	76 65 6 59 85 	59 37 57 83 63 	41 3 37 85 12 	8 73 76 25 15 	64 23 29 24 82 	
55	07/05/2011	43 83 20 28 59 	2 40 68 37 74 	54 77 7 50 73 	59 83 78 33 11 	33 82 49 55 46 	87 55 39 78 81 	83 13 12 33 73 	87 38 19 12 78 	44 29 61 18 51 	37 18 56 53 16 	49 74 76 66 13 	
54	05/05/2011	70 44 1 38 37 	20 78 29 40 5 	85 55 32 76 39 	69 71 70 62 9 	7 39 32 10 74 	75 51 49 25 22 	4 49 77 24 41 	9 51 23 68 84 	53 20 49 41 70 	11 43 61 85 49 	83 5 56 75 33 	
53	03/05/2011	64 47 50 62 73 	38 15 2 75 20 	69 28 30 25 8 	8 37 45 81 75 	17 79 74 29 46 	39 40 55 83 12 	15 9 72 8 74 	60 40 51 27 21 	49 37 8 46 18 	41 63 40 76 69 	44 83 62 87 67 	
52	30/04/2011	39 62 65 21 18 	2 37 36 78 32 	20 25 57 3 64 	86 39 84 9 20 	83 47 63 8 34 	7 55 54 29 70 	73 84 28 60 10 	25 48 66 46 52 	86 41 40 52 17 	84 60 1 78 9 	39 49 81 24 17 	
51	28/04/2011	3 40 48 30 77 	61 28 75 17 64 	13 38 69 25 76 	5 42 82 72 40 	66 25 30 33 36 	87 85 76 43 48 	70 71 49 67 27 	80 59 3 16 44 	90 59 81 39 23 	16 6 44 75 61 	83 24 20 29 68 	
50	26/04/2011	79 72 5 30 73 	54 41 32 26 60 	87 33 73 31 81 	88 59 51 13 70 	68 28 83 8 19 	80 50 76 71 59 	3 35 43 66 41 	32 63 24 67 59 	51 48 32 16 33 	35 40 69 37 7 	37 67 72 82 20 	
49	23/04/2011	5 59 17 34 41 	84 59 15 4 80 	65 58 89 9 25 	7 65 55 24 76 	36 68 32 35 49 	52 84 8 33 74 	14 59 30 70 85 	52 89 73 28 62 	76 17 16 34 42 	14 57 48 76 77 	58 78 69 90 42 	
48	21/04/2011	46 27 26 13 6 	26 49 53 85 38 	64 5 76 49 90 	87 28 69 56 60 	72 48 20 36 16 	4 16 38 5 43 	31 22 13 11 51 	35 80 74 9 24 	35 86 39 66 69 	85 54 35 51 70 	8 25 20 89 87 	
47	19/04/2011	41 47 52 11 33 	77 31 54 71 12 	51 20 63 84 75 	21 32 20 5 85 	14 38 59 19 78 	40 36 70 53 90 	54 39 55 70 33 	24 84 37 58 38 	22 82 78 48 12 	89 56 80 82 35 	8 64 30 69 3 	
46	16/04/2011	12 75 82 24 35 	73 76 39 4 86 	43 74 42 77 83 	63 68 67 45 71 	61 49 75 86 50 	63 26 64 35 9 	7 24 59 38 11 	50 75 22 59 51 	54 15 87 25 74 	58 53 37 21 54 	59 45 71 73 81 	
45	14/04/2011	11 1 79 61 67 	22 45 13 89 87 	13 51 1 20 63 	41 76 37 1 17 	88 37 15 84 36 	23 28 80 31 86 	9 75 58 66 59 	38 51 15 64 43 	63 10 85 60 16 	62 90 79 83 60 	2 80 48 46 25 	
44	12/04/2011	6 74 1 9 3 	53 84 70 79 51 	72 40 76 83 14 	29 83 16 15 77 	86 76 22 25 47 	1 49 89 75 53 	58 12 45 68 42 	86 79 59 75 52 	66 42 64 19 3 	83 87 78 49 74 	73 55 35 49 17 	
43	09/04/2011	4 5 49 73 62 	80 72 9 10 14 	19 90 22 27 68 	24 78 76 23 79 	31 15 58 26 21 	64 48 13 74 55 	49 55 44 22 35 	45 71 39 13 75 	26 84 38 7 79 	33 48 65 46 39 	60 15 63 57 9 	
42	07/04/2011	85 28 40 41 75 	12 38 10 79 46 	62 72 3 31 22 	33 53 50 59 1 	8 50 43 46 9 	48 34 2 86 67 	55 1 33 28 12 	40 87 61 59 57 	50 54 48 37 65 	35 26 7 44 1 	54 45 63 12 39 	
41	05/04/2011	35 45 11 51 53 	76 59 44 85 74 	40 73 71 25 21 	86 75 3 30 60 	66 3 17 69 76 	44 46 52 48 7 	47 58 79 62 31 	26 18 1 52 25 	70 2 8 37 47 	7 57 2 3 63 	29 31 32 57 43 	
40	02/04/2011	20 5 59 41 80 	58 6 29 17 20 	51 35 90 71 69 	84 27 41 5 78 	79 45 13 59 5 	47 20 90 81 84 	82 6 2 85 38 	11 21 13 81 57 	82 47 81 72 51 	42 57 15 30 33 	44 32 63 69 56 	
39	31/03/2011	32 37 61 84 41 	83 3 58 15 26 	63 18 67 87 17 	6 21 64 13 54 	28 87 30 90 3 	87 90 14 59 30 	19 12 17 25 8 	86 9 89 38 43 	8 36 14 3 18 	32 38 54 53 69 	41 61 76 31 43 	
38	29/03/2011	18 82 83 61 34 	23 28 59 86 9 	57 67 49 8 6 	22 24 41 11 56 	21 6 41 30 83 	29 8 62 34 33 	57 20 5 82 23 	34 48 8 71 80 	90 63 18 41 80 	37 72 6 76 53 	38 25 80 58 1 	
37	26/03/2011	36 31 43 57 2 	10 11 2 65 1 	78 73 72 88 49 	49 78 43 25 84 	63 79 25 88 34 	16 69 39 13 22 	46 26 20 6 28 	60 25 71 13 64 	47 13 23 2 18 	22 24 72 82 32 	36 1 9 74 23 	
36	24/03/2011	69 80 87 29 57 	56 37 14 26 42 	4 26 57 12 72 	44 81 90 53 83 	51 4 56 31 62 	14 42 83 77 22 	77 10 33 49 70 	11 90 44 43 61 	40 10 18 25 77 	49 31 62 58 60 	2 5 75 60 56 	
35	22/03/2011	27 22 15 71 89 	39 87 90 13 42 	27 10 17 28 15 	6 45 53 28 76 	50 44 70 62 84 	54 20 45 51 88 	1 47 68 38 82 	44 56 32 22 65 	56 89 12 27 54 	6 31 62 50 30 	8 82 78 86 69 	
34	19/03/2011	35 19 84 74 44 	43 81 52 20 38 	8 25 2 35 16 	89 85 47 69 44 	43 29 55 48 81 	51 79 40 35 69 	10 56 50 39 70 	87 57 65 34 6 	11 28 62 64 8 	10 85 60 21 47 	28 40 81 64 2 	
33	18/03/2011	16 6 50 57 41 	52 62 87 60 76 	60 3 49 1 52 	3 73 23 72 56 	81 37 24 43 9 	41 70 12 77 22 	61 18 11 15 64 	30 42 24 6 13 	67 5 21 13 33 	8 11 73 23 30 	37 42 59 16 51 	
32	15/03/2011	15 2 4 65 86 	65 79 32 59 63 	31 11 36 85 48 	72 49 28 53 43 	18 89 78 61 43 	35 12 36 5 79 	66 30 41 87 84 	73 28 8 76 6 	2 16 78 33 84 	66 16 36 67 22 	11 13 21 70 10 	
31	12/03/2011	31 23 20 66 89 	38 76 43 61 37 	8 67 46 49 47 	84 2 78 52 40 	71 53 38 24 42 	82 9 66 7 90 	40 41 4 67 25 	42 80 11 50 49 	37 13 27 19 56 	84 67 58 54 12 	40 34 74 16 41 	
30	10/03/2011	84 15 40 34 16 	77 83 41 86 1 	83 57 36 52 49 	24 5 49 3 43 	82 22 40 4 55 	5 66 45 36 31 	37 27 74 17 82 	64 73 16 55 41 	56 7 34 38 32 	7 12 45 75 89 	13 87 90 60 14 	
29	08/03/2011	86 10 8 80 20 	51 34 70 65 4 	64 63 28 55 67 	36 37 87 23 35 	43 49 52 7 58 	44 45 73 87 29 	65 58 78 35 85 	51 37 48 18 71 	36 85 61 72 22 	73 48 80 24 64 	86 37 51 16 73 	
28	05/03/2011	22 59 62 15 17 	65 82 30 68 87 	3 43 23 13 11 	30 6 54 3 5 	27 22 13 79 6 	2 1 36 14 85 	83 56 49 46 74 	48 57 82 16 14 	84 59 83 38 81 	44 46 43 63 54 	24 39 8 68 45 	
27	03/03/2011	52 36 76 16 25 	83 28 23 60 81 	40 17 52 84 69 	28 40 30 8 37 	77 76 2 27 8 	87 76 65 38 46 	8 35 72 22 90 	78 76 79 37 23 	87 18 64 33 83 	8 18 81 74 90 	89 13 77 25 83 	
26	01/03/2011	30 5 86 53 50 	6 82 34 23 80 	79 61 68 45 48 	26 22 81 5 3 	25 29 17 85 86 	45 3 18 76 24 	49 37 27 15 74 	63 47 59 12 87 	55 78 20 64 50 	22 84 60 57 54 	28 84 76 29 72 	
25	26/02/2011	4 30 25 5 46 	57 46 6 51 17 	14 63 29 65 23 	69 33 80 38 61 	30 24 56 78 74 	61 42 84 72 64 	82 50 4 89 32 	42 75 57 47 33 	31 23 43 84 44 	31 20 70 7 58 	57 67 36 17 27 	
24	24/02/2011	88 27 33 2 44 	4 22 7 1 52 	30 24 67 76 2 	47 78 4 62 12 	56 85 36 82 90 	83 57 61 51 72 	68 50 9 57 45 	37 18 24 14 54 	62 48 44 56 82 	60 74 71 55 33 	58 36 62 77 29 	
23	22/02/2011	47 32 39 58 51 	83 90 62 79 43 	49 27 59 50 82 	7 21 4 39 37 	30 23 38 43 57 	62 27 55 19 83 	39 53 46 85 79 	13 64 59 42 4 	37 45 39 64 30 	81 33 88 69 9 	69 33 89 17 70 	
22	19/02/2011	68 35 88 19 63 	61 3 42 39 88 	34 30 37 16 78 	58 48 50 49 36 	10 24 74 69 21 	76 67 32 11 56 	39 41 90 85 38 	22 63 5 52 87 	57 30 25 23 47 	12 56 67 68 57 	27 18 88 86 71 	
21	17/02/2011	69 66 84 1 46 	83 58 7 21 62 	80 18 30 13 44 	45 4 36 77 49 	74 28 75 86 21 	54 3 68 6 62 	70 47 56 36 38 	22 57 77 26 90 	62 50 34 85 24 	50 4 58 60 61 	40 72 11 89 17 	
20	15/02/2011	37 86 19 21 60 	82 52 66 71 75 	76 9 28 57 81 	66 56 65 27 70 	46 51 58 60 37 	40 71 64 51 3 	41 56 72 3 26 	79 82 1 46 49 	69 33 13 90 65 	42 36 40 37 17 	85 42 58 63 32 	
19	12/02/2011	90 33 3 16 23 	1 32 42 36 5 	77 74 69 24 25 	29 8 30 20 27 	18 88 33 27 86 	90 51 21 81 6 	19 90 57 86 39 	53 37 46 42 40 	34 2 64 33 63 	71 79 86 6 60 	2 29 19 64 39 	
18	10/02/2011	11 81 9 60 21 	58 81 66 82 90 	81 69 44 76 45 	23 43 71 84 18 	78 69 29 23 64 	1 55 49 31 88 	15 8 14 41 86 	77 13 11 24 63 	61 41 89 54 46 	75 67 10 20 29 	10 74 29 39 72 	
17	08/02/2011	90 45 84 69 8 	6 49 39 34 52 	6 64 65 33 14 	10 75 30 1 42 	23 70 14 7 57 	31 69 55 10 75 	64 72 71 57 84 	81 80 52 8 50 	75 72 68 53 1 	37 48 54 50 16 	62 19 46 59 83 	
16	05/02/2011	75 88 44 68 31 	67 13 81 63 31 	2 12 46 82 73 	81 90 47 80 38 	87 66 85 8 68 	32 66 42 10 74 	14 52 2 33 41 	23 64 22 49 73 	85 18 9 24 53 	83 4 80 48 76 	5 10 87 36 50 	
15	03/02/2011	46 5 9 38 50 	12 61 85 75 55 	78 5 20 28 75 	35 44 32 41 81 	46 50 78 27 41 	78 69 55 27 70 	43 78 66 51 12 	45 62 43 70 81 	17 5 56 83 57 	49 60 26 52 90 	32 37 42 81 8 	
14	01/02/2011	48 17 15 29 52 	58 5 19 29 87 	90 18 60 86 75 	74 36 31 4 53 	22 84 31 38 74 	82 4 5 24 64 	40 79 37 17 72 	54 30 89 43 69 	56 41 48 14 34 	51 33 58 34 9 	49 37 61 2 50 	
13	29/01/2011	87 46 57 90 17 	85 37 86 55 67 	10 6 58 1 14 	3 48 15 6 17 	19 28 82 31 78 	1 25 51 79 14 	28 70 24 42 6 	21 33 88 83 61 	43 74 60 44 41 	86 41 9 67 29 	53 8 65 17 79 	
12	27/01/2011	15 12 17 5 82 	38 83 10 5 64 	14 43 15 28 25 	36 15 28 33 13 	27 74 7 6 51 	75 72 83 16 17 	25 49 28 61 47 	23 84 37 1 18 	15 24 17 19 8 	58 65 12 37 42 	39 34 56 80 50 	
11	25/01/2011	41 48 57 37 34 	60 69 53 79 12 	32 48 27 11 29 	41 61 14 38 24 	31 66 84 25 50 	40 37 20 39 13 	37 2 75 21 25 	84 89 36 39 10 	87 52 14 89 73 	68 70 10 15 46 	25 62 27 78 24 	
10	22/01/2011	28 13 4 62 10 	20 83 48 45 89 	84 48 66 53 64 	34 39 14 16 63 	4 19 60 76 74 	66 65 4 84 88 	45 10 77 42 78 	38 64 14 3 9 	25 70 76 2 42 	78 89 44 25 55 	75 60 24 5 13 	
9	20/01/2011	77 8 57 33 31 	17 80 18 29 37 	35 85 19 7 6 	21 23 57 6 64 	16 90 41 37 44 	76 4 85 45 25 	65 55 78 83 36 	58 43 6 29 50 	12 83 90 6 72 	1 64 17 89 55 	2 24 36 88 52 	
8	18/01/2011	72 54 38 1 63 	20 40 81 54 13 	64 43 55 19 73 	87 43 55 11 15 	6 54 17 75 22 	27 68 47 64 82 	54 41 68 36 39 	45 82 30 11 86 	61 64 76 65 37 	83 48 5 17 46 	37 53 9 51 21 	
7	15/01/2011	1 39 68 85 88 	9 79 87 68 86 	71 24 32 27 23 	53 46 33 77 71 	13 62 43 75 7 	29 70 56 21 68 	87 56 16 58 25 	12 46 69 34 43 	57 74 52 67 8 	18 69 53 65 45 	86 38 9 81 36 	
6	13/01/2011	80 3 41 67 46 	50 37 7 28 62 	57 9 2 31 22 	56 50 17 71 78 	12 80 61 6 67 	22 45 29 79 36 	23 1 44 85 83 	29 81 53 6 22 	6 58 33 17 90 	85 89 17 65 37 	65 26 69 2 21 	
5	11/01/2011	32 42 56 55 40 	38 85 8 2 89 	15 33 38 20 90 	35 62 8 36 75 	85 30 33 89 42 	23 37 15 16 7 	29 37 85 87 79 	53 59 82 43 64 	6 70 32 12 89 	25 64 11 59 47 	2 81 23 49 13 	
4	08/01/2011	88 10 28 11 51 	44 47 39 4 63 	84 21 37 17 42 	43 72 88 13 63 	15 18 23 81 3 	66 34 31 72 37 	57 30 36 72 26 	14 30 88 36 49 	69 20 18 60 49 	57 3 10 79 18 	86 12 41 11 18 	
3	07/01/2011	85 43 7 58 79 	90 73 26 52 4 	17 22 39 80 41 	63 82 48 59 20 	81 35 29 79 49 	14 71 73 37 69 	82 70 18 74 85 	84 14 61 2 88 	69 71 84 37 7 	18 66 51 67 55 	57 21 47 81 9 	
2	04/01/2011	83 30 84 43 26 	82 51 73 59 55 	90 56 5 19 17 	90 3 20 12 60 	49 34 20 32 72 	53 9 61 83 1 	7 68 60 55 11 	46 50 1 6 67 	59 19 63 84 40 	14 62 84 6 87 	41 54 65 85 57 	
1	03/01/2011	58 12 26 85 81 	75 37 2 87 63 	43 2 19 52 64 	46 21 14 85 18 	81 78 14 63 86 	76 81 7 27 71 	58 43 38 47 74 	8 26 50 81 19 	67 12 80 62 3 	45 57 37 59 66 	45 13 34 27 87 	
