Lotto
Archivio estrazioni Lotto anno 1911 aggiornato al 30/12/1911
Concorso	Data	Bari	Cagliari	Firenze	Genova	Milano	Napoli	Palermo	Roma	Torino	Venezia	Nazionale	
52	30/12/1911	33 27 86 42 26 	     	58 33 74 49 5 	     	28 19 66 86 39 	86 33 66 35 34 	79 61 17 86 14 	85 72 86 90 81 	71 13 28 29 38 	34 72 21 70 42 	     	
51	23/12/1911	86 88 46 31 71 	86 88 46 31 71 	11 89 37 42 45 	11 89 37 42 45 	72 14 27 53 82 	63 23 11 46 37 	90 89 13 34 67 	30 34 44 17 8 	89 80 46 90 21 	50 38 48 29 56 	50 38 48 29 56 	
50	16/12/1911	7 6 41 28 26 	7 6 41 28 26 	56 20 63 10 33 	56 20 63 10 33 	22 62 73 4 63 	14 26 68 88 78 	83 84 66 56 34 	52 50 74 43 8 	89 53 45 15 14 	17 73 14 16 29 	17 73 14 16 29 	
49	09/12/1911	85 12 20 81 45 	85 12 20 81 45 	67 63 36 43 85 	67 63 36 43 85 	83 21 2 76 3 	50 49 71 7 54 	23 40 32 78 59 	41 44 58 46 29 	1 47 12 41 52 	56 24 60 9 66 	56 24 60 9 66 	
48	02/12/1911	76 57 79 61 63 	76 57 79 61 63 	8 27 44 89 75 	8 27 44 89 75 	80 64 8 89 13 	45 23 33 72 7 	90 28 53 70 14 	5 83 77 63 78 	65 23 27 62 8 	39 87 68 3 35 	39 87 68 3 35 	
47	25/11/1911	9 60 48 67 61 	9 60 48 67 61 	71 14 27 75 70 	71 14 27 75 70 	24 7 31 56 22 	84 55 6 87 29 	60 9 43 26 56 	41 58 21 76 15 	45 30 71 61 54 	35 45 41 74 21 	35 45 41 74 21 	
46	18/11/1911	5 84 9 58 28 	5 84 9 58 28 	61 18 4 70 37 	61 18 4 70 37 	86 83 78 23 17 	28 21 7 18 83 	89 58 25 70 5 	24 11 31 84 40 	67 8 35 81 26 	37 74 55 58 83 	37 74 55 58 83 	
45	11/11/1911	90 3 79 15 30 	90 3 79 15 30 	1 41 2 16 56 	1 41 2 16 56 	73 79 35 88 74 	71 90 9 48 60 	64 13 1 27 83 	73 33 5 9 85 	90 8 77 11 33 	19 67 65 77 61 	19 67 65 77 61 	
44	04/11/1911	22 4 73 56 43 	22 4 73 56 43 	89 17 85 7 10 	89 17 85 7 10 	85 77 15 55 37 	53 75 22 15 58 	84 21 32 22 62 	34 37 90 31 9 	89 48 83 3 86 	82 1 12 81 31 	82 1 12 81 31 	
43	28/10/1911	50 55 76 1 90 	50 55 76 1 90 	77 63 2 10 8 	77 63 2 10 8 	38 48 34 5 35 	73 67 4 30 3 	17 52 35 26 15 	79 50 27 30 63 	3 5 57 79 20 	26 62 16 75 40 	26 62 16 75 40 	
42	21/10/1911	82 84 63 39 24 	82 84 63 39 24 	60 20 84 86 62 	60 20 84 86 62 	45 66 13 10 51 	81 51 35 7 16 	11 20 43 56 16 	75 14 41 84 46 	79 81 60 51 72 	29 27 75 1 37 	29 27 75 1 37 	
41	14/10/1911	76 41 47 74 9 	76 41 47 74 9 	3 82 78 20 75 	3 82 78 20 75 	51 67 3 83 68 	58 69 76 72 87 	55 10 80 24 56 	18 82 20 84 19 	39 26 38 25 63 	43 3 66 12 27 	43 3 66 12 27 	
40	07/10/1911	29 26 43 50 72 	29 26 43 50 72 	25 39 47 57 6 	25 39 47 57 6 	44 74 31 54 42 	48 80 38 82 55 	36 77 40 59 34 	57 84 32 39 24 	78 47 45 39 44 	51 60 77 5 2 	51 60 77 5 2 	
39	30/09/1911	5 23 3 21 29 	5 23 3 21 29 	68 33 6 49 63 	68 33 6 49 63 	38 55 66 13 90 	48 16 4 36 88 	33 88 82 30 43 	29 54 45 72 26 	41 7 19 4 36 	85 48 56 5 68 	85 48 56 5 68 	
38	23/09/1911	44 36 45 2 38 	44 36 45 2 38 	63 19 25 62 68 	63 19 25 62 68 	72 5 44 43 53 	13 19 1 4 23 	8 15 21 60 53 	15 74 9 17 57 	25 87 65 83 31 	63 16 42 55 18 	63 16 42 55 18 	
37	16/09/1911	80 61 8 43 5 	80 61 8 43 5 	43 48 84 52 34 	43 48 84 52 34 	19 73 2 24 66 	20 80 78 34 77 	52 64 21 78 48 	17 88 77 28 79 	39 64 4 68 36 	54 22 17 68 5 	54 22 17 68 5 	
36	09/09/1911	44 3 89 24 26 	44 3 89 24 26 	32 64 14 12 52 	32 64 14 12 52 	43 46 6 5 15 	37 19 13 62 25 	53 85 26 18 5 	87 53 14 71 75 	9 12 83 63 62 	89 6 75 81 41 	89 6 75 81 41 	
35	02/09/1911	66 28 53 36 61 	66 28 53 36 61 	71 43 8 19 82 	71 43 8 19 82 	24 48 21 37 13 	44 76 20 7 61 	48 20 10 68 18 	19 4 57 11 26 	61 78 77 30 39 	40 49 75 87 67 	40 49 75 87 67 	
34	26/08/1911	36 10 47 33 56 	36 10 47 33 56 	61 47 50 69 28 	61 47 50 69 28 	27 53 58 42 30 	2 75 26 53 86 	67 63 46 20 89 	85 36 79 22 14 	86 71 29 34 89 	69 64 60 20 74 	69 64 60 20 74 	
33	19/08/1911	72 16 41 45 69 	72 16 41 45 69 	27 53 69 30 49 	27 53 69 30 49 	82 49 15 10 33 	21 40 4 26 80 	34 73 86 28 67 	33 50 57 26 52 	71 4 34 85 37 	27 51 53 85 80 	27 51 53 85 80 	
32	12/08/1911	61 12 63 9 38 	61 12 63 9 38 	27 8 73 64 46 	27 8 73 64 46 	26 59 75 13 36 	19 52 42 31 23 	69 24 3 37 45 	68 67 87 55 75 	46 79 36 76 4 	20 76 84 15 70 	20 76 84 15 70 	
31	05/08/1911	73 82 47 32 56 	73 82 47 32 56 	17 36 51 27 20 	17 36 51 27 20 	6 62 57 84 30 	13 83 48 52 30 	51 40 62 31 80 	11 83 29 7 44 	74 5 76 69 22 	4 28 67 58 33 	4 28 67 58 33 	
30	29/07/1911	86 13 57 87 76 	86 13 57 87 76 	21 47 53 59 82 	21 47 53 59 82 	59 66 52 30 12 	10 66 58 86 43 	11 24 21 61 51 	68 57 21 30 37 	5 18 61 60 74 	38 9 1 54 51 	38 9 1 54 51 	
29	22/07/1911	69 28 46 18 31 	69 28 46 18 31 	47 30 36 86 8 	47 30 36 86 8 	38 76 32 46 24 	15 55 50 67 13 	44 38 89 67 57 	39 68 47 72 14 	89 68 67 43 18 	76 15 10 80 31 	76 15 10 80 31 	
28	15/07/1911	17 75 67 55 87 	17 75 67 55 87 	2 57 36 32 87 	2 57 36 32 87 	12 58 87 75 49 	38 2 64 87 67 	27 86 74 25 20 	32 86 27 31 43 	65 64 15 77 60 	16 74 29 53 19 	16 74 29 53 19 	
27	08/07/1911	4 11 28 34 39 	4 11 28 34 39 	86 62 5 19 32 	86 62 5 19 32 	28 31 3 74 54 	39 45 81 19 88 	48 27 6 14 4 	89 25 71 48 14 	22 2 81 3 87 	48 87 72 6 20 	48 87 72 6 20 	
26	01/07/1911	8 41 24 76 65 	8 41 24 76 65 	74 60 55 89 34 	74 60 55 89 34 	75 82 12 30 11 	89 1 87 10 3 	69 17 70 62 40 	4 43 11 83 65 	71 64 27 57 12 	1 41 23 9 2 	1 41 23 9 2 	
25	24/06/1911	7 19 37 10 51 	7 19 37 10 51 	26 80 59 60 7 	26 80 59 60 7 	72 24 5 19 41 	58 77 5 23 7 	58 18 56 37 10 	32 21 28 76 9 	66 22 79 65 1 	69 17 75 71 19 	69 17 75 71 19 	
24	17/06/1911	19 55 14 31 73 	19 55 14 31 73 	58 18 81 41 39 	58 18 81 41 39 	55 27 84 33 18 	78 79 73 65 25 	73 59 66 23 77 	79 32 58 39 3 	15 58 62 27 19 	76 79 52 24 80 	76 79 52 24 80 	
23	10/06/1911	23 86 18 46 30 	23 86 18 46 30 	59 17 24 44 8 	59 17 24 44 8 	31 18 82 39 64 	42 63 46 88 51 	46 90 34 15 84 	19 28 82 39 64 	35 43 8 17 89 	14 63 25 24 36 	14 63 25 24 36 	
22	03/06/1911	8 33 65 2 88 	8 33 65 2 88 	88 89 10 20 56 	88 89 10 20 56 	22 54 43 46 37 	89 61 22 51 46 	8 29 22 39 3 	71 24 60 52 22 	55 54 72 41 66 	15 64 73 51 41 	15 64 73 51 41 	
21	27/05/1911	67 35 74 69 89 	67 35 74 69 89 	15 8 44 6 90 	15 8 44 6 90 	17 28 14 23 90 	14 43 9 81 10 	16 30 71 37 64 	45 64 54 67 40 	70 37 61 22 89 	38 41 55 48 60 	38 41 55 48 60 	
20	20/05/1911	78 5 22 41 60 	78 5 22 41 60 	28 30 83 48 47 	28 30 83 48 47 	76 69 19 68 43 	38 12 50 85 44 	9 54 70 27 46 	55 80 89 83 33 	24 49 57 34 1 	48 2 41 45 5 	48 2 41 45 5 	
19	13/05/1911	6 16 85 22 43 	6 16 85 22 43 	34 18 20 67 39 	34 18 20 67 39 	32 59 31 46 37 	74 84 78 77 68 	10 58 88 17 77 	57 46 38 42 90 	35 11 46 79 68 	48 47 7 57 21 	48 47 7 57 21 	
18	06/05/1911	17 6 20 72 18 	17 6 20 72 18 	15 90 5 59 81 	15 90 5 59 81 	3 22 51 19 24 	69 34 27 68 26 	49 64 80 82 63 	8 80 48 25 78 	49 73 69 13 63 	70 44 75 16 23 	70 44 75 16 23 	
17	29/04/1911	56 46 8 64 41 	56 46 8 64 41 	38 39 41 44 48 	38 39 41 44 48 	49 78 26 19 47 	69 53 46 44 22 	27 76 9 46 72 	76 86 2 88 55 	13 2 29 83 60 	62 46 36 23 72 	62 46 36 23 72 	
16	22/04/1911	74 51 79 1 18 	74 51 79 1 18 	70 56 62 86 15 	70 56 62 86 15 	51 8 48 39 23 	17 10 77 16 28 	10 27 74 67 83 	59 16 52 82 31 	10 42 81 38 35 	45 44 29 2 88 	45 44 29 2 88 	
15	15/04/1911	25 30 22 58 55 	25 30 22 58 55 	28 11 88 82 66 	28 11 88 82 66 	80 51 89 61 65 	59 28 32 7 10 	62 16 34 19 49 	76 33 13 56 78 	20 80 27 50 11 	45 4 52 21 73 	45 4 52 21 73 	
14	08/04/1911	9 13 24 63 14 	9 13 24 63 14 	65 75 15 79 64 	65 75 15 79 64 	69 78 75 45 30 	61 81 9 66 76 	71 80 62 54 27 	68 23 37 49 28 	25 84 73 83 63 	88 27 35 10 72 	88 27 35 10 72 	
13	01/04/1911	58 16 32 3 11 	58 16 32 3 11 	54 58 73 39 7 	54 58 73 39 7 	46 6 10 30 61 	88 25 60 67 63 	49 71 9 67 51 	76 40 29 16 82 	66 20 41 84 19 	46 76 58 21 13 	46 76 58 21 13 	
12	25/03/1911	13 17 55 9 26 	13 17 55 9 26 	3 27 21 37 39 	3 27 21 37 39 	9 33 81 7 51 	36 52 47 21 73 	9 56 13 2 4 	4 87 19 37 80 	16 28 12 17 11 	6 70 9 38 73 	6 70 9 38 73 	
11	18/03/1911	64 17 22 78 79 	64 17 22 78 79 	22 51 66 25 42 	22 51 66 25 42 	41 34 57 3 76 	3 90 28 30 59 	41 71 39 13 73 	75 6 68 65 40 	26 4 6 60 61 	12 6 70 22 13 	12 6 70 22 13 	
10	11/03/1911	81 6 87 40 37 	81 6 87 40 37 	1 29 83 66 20 	1 29 83 66 20 	69 78 9 80 61 	9 72 60 65 45 	2 48 27 52 19 	34 27 84 68 53 	12 56 73 33 62 	85 23 82 50 48 	85 23 82 50 48 	
9	04/03/1911	38 10 72 4 56 	38 10 72 4 56 	69 40 66 23 86 	69 40 66 23 86 	12 29 75 39 55 	50 12 1 48 11 	89 18 36 61 73 	90 11 14 70 5 	81 50 61 40 27 	8 63 28 50 81 	8 63 28 50 81 	
8	25/02/1911	52 23 61 80 62 	52 23 61 80 62 	58 18 82 42 3 	58 18 82 42 3 	37 57 6 4 60 	75 50 90 65 29 	81 65 75 16 88 	89 19 46 53 67 	88 77 23 53 67 	29 57 13 56 82 	29 57 13 56 82 	
7	18/02/1911	90 23 2 5 70 	90 23 2 5 70 	80 69 18 73 86 	80 69 18 73 86 	73 67 57 44 17 	88 9 28 37 79 	10 89 46 30 55 	74 75 20 14 27 	36 38 71 86 10 	75 53 42 20 18 	75 53 42 20 18 	
6	11/02/1911	86 22 74 77 82 	86 22 74 77 82 	22 79 75 71 18 	22 79 75 71 18 	32 82 17 8 88 	34 15 58 41 25 	64 38 45 53 35 	12 68 66 24 54 	65 22 46 56 33 	36 22 65 40 15 	36 22 65 40 15 	
5	04/02/1911	85 37 67 83 18 	85 37 67 83 18 	25 89 10 38 35 	25 89 10 38 35 	58 77 22 63 82 	83 6 84 56 3 	49 70 69 84 85 	32 90 80 66 45 	68 65 23 22 6 	7 80 83 57 10 	7 80 83 57 10 	
4	28/01/1911	37 32 65 36 26 	37 32 65 36 26 	76 70 6 17 57 	76 70 6 17 57 	65 29 36 72 14 	65 85 60 78 40 	75 14 60 22 70 	39 74 57 28 40 	25 17 37 83 69 	62 20 25 90 82 	62 20 25 90 82 	
3	21/01/1911	19 1 90 81 24 	19 1 90 81 24 	77 60 1 53 5 	77 60 1 53 5 	14 81 38 22 75 	40 13 88 66 58 	12 87 7 21 70 	49 64 16 78 75 	36 82 49 4 85 	60 55 9 87 43 	60 55 9 87 43 	
2	14/01/1911	34 75 73 82 64 	34 75 73 82 64 	81 11 8 52 48 	81 11 8 52 48 	42 6 89 73 3 	34 12 32 62 68 	10 28 87 73 3 	81 21 74 53 38 	15 38 7 20 34 	27 25 29 18 45 	27 25 29 18 45 	
1	07/01/1911	63 15 65 35 78 	63 15 65 35 78 	47 38 65 89 43 	47 38 65 89 43 	56 79 8 13 22 	73 14 12 61 77 	71 47 69 11 25 	65 66 55 23 87 	43 64 49 45 90 	75 12 40 73 85 	75 12 40 73 85 	
