Lotto
Archivio estrazioni Lotto anno 2015 aggiornato al 31/12/2015
Concorso	Data	Bari	Cagliari	Firenze	Genova	Milano	Napoli	Palermo	Roma	Torino	Venezia	Nazionale	
157	31/12/2015	33 78 6 89 74 	34 64 26 40 71 	49 45 72 30 58 	65 5 44 61 56 	23 19 40 52 76 	62 72 46 19 11 	23 34 24 32 86 	44 23 55 61 7 	75 40 77 60 7 	31 66 18 71 20 	5 44 27 14 9 	
156	29/12/2015	61 3 1 42 8 	3 15 17 23 59 	83 52 47 84 41 	76 23 90 79 33 	31 45 78 16 47 	42 75 78 90 25 	24 81 59 87 25 	19 61 49 9 48 	32 4 78 81 85 	30 6 38 26 76 	80 20 57 12 15 	
155	28/12/2015	36 73 31 71 77 	13 61 60 5 45 	59 72 35 56 60 	89 32 29 5 7 	34 72 61 88 31 	36 27 83 39 2 	74 19 43 8 47 	89 32 37 2 31 	26 58 43 71 48 	10 39 51 19 75 	54 55 57 34 49 	
154	24/12/2015	5 15 9 53 65 	79 89 85 6 15 	36 29 32 82 79 	53 38 79 86 51 	4 44 77 20 47 	2 82 67 85 38 	71 83 40 22 34 	57 20 14 36 54 	34 55 11 84 17 	53 38 68 4 41 	27 76 44 69 75 	
153	22/12/2015	25 83 65 71 70 	35 58 40 21 6 	59 17 65 24 7 	37 79 70 23 45 	36 51 43 25 24 	27 62 14 39 45 	1 6 13 70 52 	72 41 47 61 70 	20 14 54 22 45 	75 43 9 4 25 	69 33 21 13 46 	
152	19/12/2015	79 24 88 11 35 	63 46 13 40 86 	32 82 66 61 9 	26 77 72 59 63 	13 19 55 71 14 	55 53 49 38 43 	25 79 52 18 88 	27 41 14 4 15 	69 21 7 54 64 	86 37 63 59 42 	18 41 15 3 29 	
151	17/12/2015	81 39 20 44 76 	79 70 25 41 60 	16 24 87 54 23 	43 30 10 41 67 	12 73 47 44 76 	74 23 48 73 52 	50 17 75 33 28 	32 63 72 15 16 	29 60 43 45 13 	45 60 38 90 73 	85 50 34 29 74 	
150	15/12/2015	62 29 50 49 12 	90 56 16 45 40 	11 36 66 18 34 	26 48 68 78 44 	56 70 46 7 25 	28 40 60 10 2 	79 42 35 14 59 	15 80 87 57 86 	36 9 37 8 82 	16 64 36 29 6 	28 42 57 68 13 	
149	12/12/2015	23 52 13 48 47 	73 78 28 70 25 	12 54 63 36 21 	35 90 45 81 24 	36 19 32 63 72 	39 81 69 73 90 	15 66 13 73 28 	63 36 10 78 14 	14 34 12 17 32 	44 23 55 65 66 	54 36 55 2 65 	
148	10/12/2015	8 36 21 57 28 	53 54 66 73 30 	27 16 88 40 86 	64 39 45 73 59 	27 20 31 65 39 	45 68 8 9 37 	88 66 25 84 10 	48 33 35 10 34 	64 90 89 34 14 	51 50 71 9 8 	39 86 44 71 54 	
147	09/12/2015	83 52 68 27 3 	60 52 81 80 30 	90 82 62 58 67 	7 49 5 21 32 	8 57 48 58 62 	80 3 19 77 71 	61 53 50 68 39 	14 24 88 61 87 	64 42 81 29 80 	42 75 41 34 82 	3 68 5 73 18 	
146	05/12/2015	15 36 24 13 6 	11 68 39 7 72 	29 7 79 90 64 	48 72 40 66 33 	64 66 28 2 7 	2 75 22 84 54 	84 20 48 8 78 	45 28 57 31 64 	21 86 26 47 66 	45 5 29 67 51 	38 58 47 33 44 	
145	03/12/2015	61 30 42 16 28 	64 59 47 38 57 	45 52 36 26 79 	86 45 72 55 31 	86 60 74 66 81 	28 89 69 8 39 	70 8 21 15 10 	58 80 7 90 53 	24 35 60 37 45 	19 20 17 38 14 	76 14 45 27 42 	
144	01/12/2015	90 63 44 43 85 	29 31 38 20 44 	48 32 49 63 65 	32 85 42 26 50 	29 12 44 83 26 	67 34 4 63 81 	37 83 71 84 39 	41 87 1 39 74 	68 80 37 47 25 	24 43 16 25 39 	5 29 28 89 63 	
143	28/11/2015	25 73 4 58 44 	84 57 18 34 17 	60 17 69 5 38 	17 2 31 46 42 	61 34 26 19 5 	62 21 61 73 64 	47 69 33 45 87 	52 67 40 85 13 	59 64 53 45 21 	44 64 47 49 20 	77 27 71 33 42 	
142	26/11/2015	9 86 14 76 10 	41 7 31 37 45 	46 76 14 63 3 	25 66 11 53 24 	56 12 49 55 84 	68 15 85 59 5 	43 71 35 23 79 	25 16 75 84 40 	77 39 42 40 19 	4 28 36 67 43 	40 7 31 63 24 	
141	24/11/2015	72 4 40 28 80 	72 3 8 62 84 	35 76 32 51 70 	15 6 55 84 77 	75 61 10 12 19 	1 38 49 54 3 	49 2 64 21 45 	22 6 9 5 76 	36 79 3 38 52 	56 35 67 57 13 	83 73 82 56 81 	
140	21/11/2015	64 66 41 75 86 	47 15 39 19 2 	71 80 9 59 27 	11 77 41 48 79 	22 78 19 11 21 	25 16 38 83 37 	36 40 64 15 58 	13 59 48 79 71 	39 51 24 43 35 	64 25 27 85 29 	22 66 65 18 19 	
139	19/11/2015	69 2 43 18 76 	6 21 65 57 35 	43 8 13 1 4 	50 29 49 40 57 	69 45 58 6 46 	47 20 59 37 86 	48 81 52 78 71 	31 5 45 28 3 	84 1 19 29 31 	31 74 52 84 1 	59 72 30 76 61 	
138	17/11/2015	57 36 65 33 53 	76 1 51 20 49 	40 62 22 12 48 	75 60 58 84 59 	74 84 86 69 61 	28 23 38 34 44 	10 62 37 14 84 	48 67 18 11 54 	52 73 24 90 66 	21 48 53 35 33 	81 51 70 28 72 	
137	14/11/2015	89 29 73 65 13 	77 12 81 40 52 	11 12 73 13 43 	6 13 1 18 44 	67 55 18 89 86 	5 58 30 85 46 	86 10 78 6 90 	50 81 77 27 75 	27 53 34 37 66 	86 4 9 29 44 	23 73 36 27 59 	
136	12/11/2015	83 84 26 52 69 	3 34 13 56 88 	75 56 14 62 78 	45 12 83 37 44 	31 88 25 46 73 	17 81 15 3 58 	56 5 7 69 85 	33 46 21 82 25 	2 71 63 51 42 	67 86 75 2 27 	6 77 81 17 68 	
135	10/11/2015	84 15 4 42 82 	70 37 44 78 56 	72 3 68 46 1 	9 12 56 3 34 	72 89 52 86 88 	25 47 76 45 3 	30 81 13 24 67 	90 80 85 29 9 	71 12 82 65 20 	41 77 39 67 74 	78 37 16 6 73 	
134	07/11/2015	32 56 36 90 83 	48 34 78 5 15 	70 13 80 5 54 	60 42 80 9 6 	69 43 63 74 89 	16 34 82 53 85 	77 22 26 50 53 	59 2 1 31 54 	17 11 62 25 10 	83 48 79 51 84 	86 84 32 10 22 	
133	05/11/2015	20 57 26 77 55 	82 69 37 85 44 	58 37 51 75 79 	58 17 31 65 83 	73 83 12 86 7 	18 47 75 30 63 	5 24 68 52 31 	72 76 41 68 26 	66 32 9 83 26 	57 59 23 79 19 	4 59 43 45 33 	
132	03/11/2015	28 4 5 77 27 	88 39 35 30 61 	88 9 21 37 81 	30 20 72 3 35 	50 22 43 38 32 	29 27 88 65 50 	50 86 53 36 32 	58 88 84 53 59 	43 56 2 17 20 	19 41 74 53 11 	63 80 7 71 11 	
131	31/10/2015	6 16 23 88 58 	51 18 21 29 80 	39 65 15 20 29 	42 85 65 19 16 	24 33 5 66 40 	63 83 16 45 43 	56 11 58 20 84 	7 45 19 86 51 	24 63 16 34 40 	81 52 33 80 70 	90 48 54 17 82 	
130	29/10/2015	57 26 81 70 77 	72 77 89 12 69 	67 32 41 35 13 	8 13 4 46 16 	48 79 90 31 18 	33 54 53 23 24 	1 76 57 22 12 	64 15 29 26 13 	44 48 64 90 31 	2 9 67 31 35 	44 24 32 39 35 	
129	27/10/2015	86 67 65 83 77 	73 65 72 9 7 	88 35 31 86 85 	84 72 26 37 35 	44 37 24 33 35 	45 79 14 76 50 	19 56 81 65 41 	31 86 52 15 41 	80 60 72 89 45 	26 46 18 1 61 	73 84 67 15 90 	
128	24/10/2015	13 52 8 3 18 	4 12 73 31 68 	38 75 10 33 24 	2 23 69 41 1 	35 9 28 83 32 	12 5 44 69 30 	70 35 65 76 12 	82 43 29 17 59 	60 26 71 70 17 	12 29 68 5 90 	35 20 47 68 28 	
127	22/10/2015	55 83 86 70 60 	5 43 42 80 68 	47 40 31 60 72 	65 46 56 53 16 	56 29 89 68 39 	67 28 22 58 68 	80 32 70 13 10 	15 10 1 47 61 	29 24 31 10 14 	86 41 24 80 78 	86 65 45 30 47 	
126	20/10/2015	40 61 82 66 3 	68 77 74 81 63 	34 70 13 3 41 	75 50 45 36 13 	81 25 84 69 28 	34 45 71 73 47 	55 75 22 87 24 	18 41 37 22 73 	64 89 52 13 88 	53 52 70 57 56 	6 81 23 54 77 	
125	17/10/2015	25 33 1 5 54 	12 29 50 27 68 	58 59 53 81 15 	9 69 23 41 84 	85 32 69 75 48 	25 11 40 42 79 	24 38 65 64 46 	29 3 11 42 48 	67 60 4 64 56 	40 67 58 73 65 	57 18 5 41 12 	
124	15/10/2015	77 1 13 23 56 	38 40 72 26 51 	32 37 87 24 65 	62 84 87 38 26 	73 43 82 9 16 	84 29 34 18 3 	21 66 73 26 1 	11 72 4 38 70 	16 46 87 65 84 	70 29 48 38 7 	7 38 63 14 15 	
123	13/10/2015	13 63 8 11 43 	32 76 87 78 55 	7 12 10 50 20 	6 67 48 39 82 	52 55 81 57 65 	30 68 33 12 62 	10 22 24 35 70 	6 74 19 9 26 	6 53 1 58 61 	69 82 37 66 22 	60 39 59 13 26 	
122	10/10/2015	87 16 66 18 61 	66 50 88 65 81 	27 23 66 51 42 	88 24 21 79 54 	86 12 7 15 89 	60 50 53 7 86 	55 78 18 30 4 	62 41 78 45 17 	67 12 44 27 19 	36 56 49 76 31 	51 4 82 42 28 	
121	08/10/2015	42 56 9 8 11 	26 28 53 23 74 	19 55 4 16 40 	9 80 47 58 12 	8 62 50 16 5 	64 81 29 14 86 	4 86 87 57 83 	78 55 69 32 45 	54 88 12 70 30 	9 14 27 20 19 	64 51 24 42 74 	
120	06/10/2015	65 45 33 62 68 	26 40 27 82 61 	48 50 2 67 81 	40 80 62 32 68 	13 16 46 1 58 	14 19 10 44 75 	16 73 58 20 64 	24 82 64 19 75 	85 40 3 47 86 	78 40 16 69 58 	36 63 8 67 81 	
119	03/10/2015	58 88 60 38 31 	22 65 76 58 17 	17 53 47 4 59 	38 56 43 71 2 	9 38 67 2 1 	35 54 84 82 61 	82 88 76 65 90 	84 21 23 51 4 	41 39 1 82 16 	38 60 63 34 55 	33 24 65 52 41 	
118	01/10/2015	82 72 5 24 2 	11 69 72 86 87 	29 71 17 2 32 	75 68 41 25 49 	11 28 42 76 85 	42 52 5 62 18 	60 87 79 44 17 	82 88 79 4 21 	57 45 67 80 8 	4 5 20 75 28 	64 22 87 41 48 	
117	29/09/2015	79 21 1 34 9 	36 71 5 74 77 	79 38 43 28 3 	9 63 85 65 5 	66 28 61 68 27 	38 2 18 8 39 	39 79 52 8 82 	64 33 5 59 82 	47 82 15 64 78 	51 82 74 29 68 	71 90 19 39 35 	
116	26/09/2015	90 73 29 2 24 	86 24 6 20 32 	48 30 80 46 14 	88 2 89 43 76 	89 49 36 35 43 	4 49 73 45 1 	3 68 47 87 64 	52 9 26 62 49 	60 13 76 54 65 	50 23 32 33 13 	42 73 44 60 66 	
115	24/09/2015	3 66 6 25 2 	74 44 51 30 70 	35 49 86 59 52 	79 44 82 27 71 	42 59 38 64 54 	40 14 26 19 3 	9 32 78 50 60 	6 57 5 23 47 	63 14 16 66 50 	66 32 47 40 39 	11 9 42 38 85 	
114	22/09/2015	73 15 49 1 75 	1 16 65 9 52 	4 43 1 62 16 	67 88 69 84 50 	51 79 34 22 17 	40 76 1 69 30 	46 20 77 10 67 	19 30 4 64 47 	43 51 60 4 9 	22 55 53 21 13 	65 21 88 41 34 	
113	19/09/2015	54 24 71 62 83 	20 47 73 22 46 	85 44 43 21 7 	89 43 47 25 3 	85 67 32 65 69 	78 36 82 34 77 	25 43 44 6 11 	66 9 53 86 77 	78 90 50 15 1 	58 38 53 39 47 	3 46 38 82 77 	
112	17/09/2015	11 76 51 67 42 	38 71 2 79 20 	30 75 35 84 34 	57 30 24 9 83 	68 37 61 3 88 	30 73 21 84 35 	63 30 67 58 85 	87 90 12 42 72 	89 65 1 20 42 	27 4 39 80 53 	57 37 41 15 12 	
111	15/09/2015	3 53 8 73 74 	90 8 38 84 53 	6 52 18 64 20 	52 13 10 84 87 	74 78 14 63 62 	18 54 19 50 30 	76 73 8 23 74 	11 89 86 31 75 	68 46 36 83 12 	32 19 3 62 34 	45 2 24 11 1 	
110	12/09/2015	7 51 36 61 64 	72 39 20 82 22 	18 28 19 82 75 	76 68 38 48 74 	70 17 19 62 10 	8 63 89 10 21 	6 19 70 73 37 	9 73 62 78 76 	50 45 33 11 85 	90 37 64 12 36 	50 75 52 71 85 	
109	10/09/2015	43 50 84 33 54 	45 87 11 12 74 	68 89 53 24 70 	40 72 3 57 88 	5 90 11 83 34 	41 89 86 2 84 	71 68 56 78 86 	89 26 14 37 15 	86 84 41 3 38 	63 40 69 5 24 	27 63 3 56 26 	
108	08/09/2015	5 26 68 75 28 	59 73 63 48 60 	57 51 72 14 88 	31 81 61 4 11 	66 75 32 55 57 	11 82 76 52 69 	74 83 82 37 22 	19 84 8 15 33 	12 31 34 1 49 	10 72 4 41 5 	26 14 82 27 67 	
107	05/09/2015	61 71 43 84 28 	89 9 1 75 55 	26 80 48 29 19 	60 32 9 62 21 	24 39 54 21 36 	62 67 4 60 59 	20 66 44 46 5 	7 3 22 16 74 	22 78 50 23 20 	48 35 85 89 20 	31 60 43 47 14 	
106	03/09/2015	37 78 66 46 58 	10 16 19 9 74 	30 36 67 70 47 	15 57 59 56 34 	62 51 79 73 75 	16 75 27 53 56 	49 11 59 1 37 	67 83 28 66 89 	59 38 4 30 70 	60 52 90 33 56 	80 63 5 48 39 	
105	01/09/2015	73 20 26 43 90 	17 42 43 5 32 	75 52 83 21 30 	28 52 18 69 58 	22 31 16 33 39 	36 48 49 68 6 	46 65 45 67 42 	36 46 33 35 14 	36 12 45 24 11 	27 54 16 45 14 	33 18 49 60 22 	
104	29/08/2015	45 29 86 89 14 	10 3 41 50 88 	59 28 4 58 23 	69 44 33 51 9 	53 59 48 60 28 	29 75 65 20 10 	27 2 79 7 73 	75 65 19 77 37 	75 7 87 86 8 	26 84 44 53 81 	34 70 5 47 22 	
103	27/08/2015	43 54 85 73 7 	6 22 15 75 58 	21 19 12 48 47 	17 44 12 79 87 	23 88 62 26 28 	78 88 84 23 74 	41 15 49 66 67 	34 60 76 79 73 	18 66 51 13 30 	83 36 40 81 74 	89 59 15 69 65 	
102	25/08/2015	79 9 35 32 65 	39 1 6 64 85 	18 40 2 73 17 	63 71 29 27 44 	29 88 63 22 56 	4 80 89 69 61 	40 71 42 59 81 	40 15 36 56 44 	21 54 41 39 29 	3 23 42 74 58 	81 82 27 90 40 	
101	22/08/2015	26 5 40 9 64 	13 15 68 20 61 	45 43 9 18 72 	6 77 21 61 36 	1 67 8 50 3 	22 38 72 66 58 	42 41 66 23 52 	82 44 23 16 32 	67 57 18 78 8 	14 26 71 11 32 	65 30 67 17 3 	
100	20/08/2015	46 59 31 66 39 	44 3 9 76 74 	4 11 85 58 74 	61 70 39 69 27 	5 62 2 13 73 	60 30 86 63 11 	3 58 20 59 21 	35 61 56 15 29 	72 16 20 59 54 	71 78 57 79 20 	45 25 50 48 46 	
99	18/08/2015	65 51 76 27 5 	65 5 12 15 37 	32 57 59 25 26 	10 16 44 20 14 	84 16 62 65 74 	5 44 63 15 46 	72 28 16 32 69 	38 40 59 15 73 	43 78 58 21 40 	3 17 35 21 70 	4 1 77 42 87 	
98	17/08/2015	90 82 1 75 11 	82 56 69 28 63 	18 26 33 44 13 	4 43 61 66 2 	45 63 35 84 33 	13 82 40 74 59 	65 54 12 59 67 	25 33 79 14 32 	23 43 55 42 18 	1 77 22 46 6 	16 11 48 4 39 	
97	13/08/2015	4 9 20 3 51 	84 60 35 15 9 	29 77 42 22 8 	85 56 74 79 28 	81 39 89 87 26 	72 1 12 29 51 	40 37 59 54 47 	63 71 6 27 83 	80 17 69 50 42 	19 48 59 26 56 	21 37 75 38 36 	
96	11/08/2015	27 2 89 16 5 	12 48 64 7 25 	27 76 72 12 74 	64 34 58 40 38 	6 34 89 37 44 	26 85 36 19 3 	2 62 83 56 76 	16 41 68 83 82 	33 80 46 24 64 	6 57 43 64 22 	76 43 26 47 29 	
95	08/08/2015	21 12 8 68 46 	32 8 43 80 45 	31 22 30 24 84 	8 22 20 7 46 	31 7 64 24 56 	1 31 34 22 29 	42 62 19 15 21 	58 78 77 39 17 	54 71 33 90 78 	38 13 73 6 21 	85 8 71 28 12 	
94	06/08/2015	25 38 70 10 1 	66 2 54 52 17 	37 79 48 63 54 	9 30 84 54 25 	74 34 2 90 58 	76 81 23 72 13 	68 26 78 31 33 	54 88 20 27 6 	21 49 62 81 76 	29 84 43 42 10 	2 59 6 7 8 	
93	04/08/2015	62 9 75 61 8 	54 1 89 9 67 	8 65 68 80 41 	86 63 73 6 23 	43 40 23 17 38 	65 53 30 18 6 	90 13 22 23 35 	51 32 86 56 49 	47 15 26 73 62 	18 56 36 3 40 	56 10 12 19 69 	
92	01/08/2015	34 64 37 3 18 	51 72 14 3 78 	15 82 2 38 9 	17 65 50 59 2 	19 9 58 14 43 	56 31 81 89 16 	16 90 36 39 10 	80 7 63 20 58 	82 34 35 39 74 	12 7 52 40 79 	77 56 90 5 33 	
91	30/07/2015	87 19 62 78 52 	49 21 50 82 65 	38 35 83 78 72 	5 3 6 37 16 	55 24 9 25 56 	15 56 11 20 12 	41 1 50 24 53 	19 34 23 89 11 	37 62 80 84 52 	13 55 61 50 26 	86 72 9 33 50 	
90	28/07/2015	64 4 25 41 3 	63 33 41 35 57 	61 66 43 1 80 	15 78 12 82 41 	65 4 86 19 6 	45 82 25 29 62 	2 17 77 83 82 	21 81 6 64 63 	76 64 77 62 90 	69 10 2 3 37 	76 37 77 82 16 	
89	25/07/2015	58 46 41 40 39 	88 35 57 28 65 	61 26 4 56 43 	35 64 88 28 74 	58 78 59 66 25 	85 22 30 50 40 	73 69 90 63 75 	31 77 71 68 80 	39 74 46 30 82 	81 27 72 78 71 	75 56 64 72 30 	
88	23/07/2015	2 86 8 84 5 	55 22 20 13 51 	87 41 82 73 35 	14 65 33 35 26 	61 86 57 79 8 	49 42 33 75 44 	81 31 10 75 40 	84 72 44 78 36 	75 19 58 35 3 	28 14 85 26 44 	26 13 38 84 40 	
87	21/07/2015	61 65 46 51 57 	41 74 88 79 14 	34 39 85 45 68 	60 59 6 1 61 	51 55 18 39 17 	14 71 57 55 9 	81 60 19 30 48 	8 42 84 17 72 	68 82 9 46 71 	60 3 61 44 69 	41 48 22 37 44 	
86	18/07/2015	3 25 41 31 11 	44 6 89 28 88 	52 56 87 37 75 	70 58 33 68 27 	67 87 26 49 73 	55 38 29 24 34 	60 40 64 67 15 	52 38 30 3 63 	51 39 71 81 3 	14 50 9 22 54 	48 33 78 86 43 	
85	16/07/2015	80 89 6 46 60 	31 57 89 43 24 	58 77 10 74 54 	7 86 15 71 4 	29 54 22 61 75 	45 32 43 58 27 	78 89 67 6 82 	30 13 42 37 26 	69 53 70 34 55 	89 26 73 54 13 	35 67 19 29 73 	
84	14/07/2015	33 6 82 67 38 	77 20 11 69 58 	85 10 9 90 75 	38 85 54 4 7 	76 86 15 44 63 	76 78 27 52 9 	33 79 3 89 4 	23 57 45 55 5 	57 45 19 66 29 	26 78 77 55 67 	18 2 74 46 8 	
83	11/07/2015	13 75 45 77 57 	18 57 85 59 27 	35 88 11 49 54 	46 17 22 44 38 	70 54 64 2 25 	58 73 89 10 6 	46 41 37 18 9 	6 4 84 48 9 	62 23 11 21 52 	41 50 6 18 74 	63 66 89 7 82 	
82	09/07/2015	87 21 12 29 1 	10 73 25 80 34 	35 31 24 19 18 	49 20 25 31 10 	73 56 90 6 65 	80 17 53 54 84 	52 88 80 20 51 	41 20 80 89 55 	11 30 82 73 64 	12 65 38 15 68 	27 29 68 66 84 	
81	07/07/2015	25 60 75 43 18 	64 37 66 2 46 	66 63 76 85 41 	11 43 36 63 44 	33 90 64 25 72 	15 38 75 5 48 	38 66 47 16 12 	32 56 22 4 72 	37 42 76 68 31 	84 88 9 78 12 	80 55 76 71 40 	
80	04/07/2015	20 81 55 24 57 	73 14 70 84 2 	25 88 8 22 64 	57 76 2 72 58 	52 18 83 24 53 	30 43 19 4 80 	59 35 38 19 55 	53 85 42 66 49 	56 39 21 85 70 	16 49 52 75 22 	4 1 27 31 58 	
79	02/07/2015	1 25 39 13 31 	81 35 10 3 23 	33 74 8 86 43 	77 38 41 17 71 	77 81 34 83 9 	59 19 11 74 34 	73 21 27 5 26 	60 34 37 68 9 	66 21 78 82 12 	79 26 60 72 51 	20 17 62 52 22 	
78	30/06/2015	56 90 54 85 2 	7 38 3 35 74 	55 76 2 3 15 	89 6 74 33 90 	45 18 27 13 36 	64 82 85 13 42 	76 44 52 86 60 	38 56 72 24 12 	27 15 18 10 83 	63 74 22 20 76 	31 45 7 16 28 	
77	27/06/2015	56 51 87 41 44 	4 48 59 56 16 	85 1 63 88 75 	81 31 64 71 14 	72 8 20 69 27 	8 87 57 45 61 	4 49 11 84 32 	66 40 88 46 71 	1 7 54 24 45 	15 22 80 55 12 	17 52 19 81 10 	
76	25/06/2015	47 66 80 75 53 	25 35 80 45 41 	37 53 45 62 60 	1 3 27 54 59 	72 86 54 37 79 	46 29 34 21 53 	56 78 11 33 59 	70 35 44 50 8 	3 24 38 88 26 	48 38 40 29 55 	17 9 30 13 20 	
75	23/06/2015	26 67 38 37 15 	50 16 11 84 23 	74 14 61 6 87 	65 69 40 85 1 	4 86 87 82 66 	44 25 57 84 54 	54 20 18 89 23 	16 79 43 52 45 	67 46 47 24 68 	2 12 21 86 38 	39 73 35 84 33 	
74	20/06/2015	10 14 50 45 79 	74 86 80 35 16 	13 10 43 90 14 	86 60 61 14 52 	8 16 68 84 81 	54 35 21 1 87 	21 18 40 76 88 	36 40 73 43 60 	41 4 46 7 58 	12 74 31 46 85 	73 10 40 22 19 	
73	18/06/2015	36 22 62 26 28 	30 25 66 63 57 	13 32 23 76 78 	37 53 9 71 59 	6 26 52 12 90 	63 67 61 15 37 	48 28 61 7 38 	53 7 82 40 79 	22 73 5 8 45 	79 20 58 29 60 	62 19 22 77 60 	
72	16/06/2015	18 69 40 37 3 	56 9 37 55 81 	44 63 71 73 89 	1 4 89 12 24 	18 8 13 80 54 	76 4 65 52 33 	77 30 69 32 78 	30 10 13 59 36 	44 82 18 57 68 	40 15 64 19 26 	70 11 17 47 65 	
71	13/06/2015	19 4 41 48 20 	15 43 78 82 32 	29 36 62 21 80 	65 23 28 77 34 	49 15 35 56 42 	7 30 24 36 63 	52 27 12 4 55 	31 2 80 18 27 	5 82 71 75 16 	66 54 55 3 89 	86 37 83 81 49 	
70	11/06/2015	36 30 7 18 85 	7 10 70 37 27 	56 46 28 90 62 	18 60 17 6 51 	73 23 2 32 11 	20 82 44 35 90 	65 47 81 25 44 	38 23 48 28 81 	80 62 82 58 42 	78 80 24 88 35 	31 30 76 90 52 	
69	09/06/2015	5 13 78 64 87 	33 24 83 89 4 	7 6 39 69 56 	34 10 75 89 86 	8 90 75 2 89 	82 26 85 50 86 	87 49 25 34 15 	17 76 34 79 9 	20 85 21 22 7 	58 7 70 55 79 	69 78 44 10 62 	
68	06/06/2015	52 9 61 41 30 	42 59 63 14 45 	66 53 29 36 3 	57 5 67 23 30 	69 58 89 25 54 	47 10 9 75 33 	11 31 61 32 62 	27 76 68 33 45 	28 9 37 47 49 	77 19 22 61 31 	45 76 86 82 74 	
67	04/06/2015	38 2 14 45 74 	9 66 88 78 87 	26 39 27 69 59 	43 42 62 17 88 	50 82 17 26 90 	38 79 31 35 88 	2 43 64 70 51 	13 32 84 51 56 	12 46 41 5 35 	13 15 18 36 76 	16 81 74 2 45 	
66	03/06/2015	40 55 75 13 15 	8 27 33 82 37 	88 76 83 58 21 	69 1 50 22 3 	29 52 85 32 59 	32 62 35 82 42 	24 37 2 55 43 	34 2 20 53 29 	28 6 58 83 21 	63 34 72 22 25 	53 20 48 75 29 	
65	30/05/2015	14 1 46 80 83 	15 40 49 35 62 	48 74 35 40 57 	5 28 18 78 30 	58 50 73 39 65 	30 29 28 25 17 	71 23 22 33 59 	38 34 50 6 33 	44 43 68 1 33 	35 78 3 82 69 	53 45 12 89 74 	
64	28/05/2015	53 16 17 40 41 	71 25 47 53 51 	14 21 69 77 54 	49 69 35 40 29 	8 17 67 15 72 	86 18 38 29 7 	41 8 60 73 59 	70 20 31 1 55 	4 49 29 81 43 	72 30 80 83 76 	13 28 26 57 83 	
63	26/05/2015	47 64 50 59 15 	17 63 18 88 49 	7 86 88 20 82 	75 34 9 81 52 	35 36 32 42 47 	54 84 83 73 48 	85 32 52 72 6 	46 79 81 49 54 	90 42 41 62 48 	47 34 69 81 61 	66 22 52 17 55 	
62	23/05/2015	57 61 25 29 21 	69 41 77 68 76 	79 76 55 68 48 	58 2 51 9 57 	87 77 75 84 37 	12 76 72 57 60 	2 46 32 87 11 	12 7 19 15 38 	41 77 64 2 10 	24 21 74 29 7 	37 16 66 40 78 	
61	21/05/2015	64 56 20 21 23 	8 2 29 1 87 	17 27 86 22 77 	63 71 51 8 58 	38 72 80 73 6 	22 85 48 26 81 	65 88 4 47 64 	3 64 53 10 83 	19 83 77 50 48 	8 44 78 13 51 	83 63 26 10 67 	
60	19/05/2015	8 48 4 63 11 	7 48 53 85 18 	66 46 3 54 13 	23 60 67 29 58 	43 47 45 90 17 	87 35 46 45 62 	45 20 31 23 10 	74 12 67 49 34 	7 90 13 86 79 	43 22 41 36 29 	54 34 29 76 24 	
59	16/05/2015	47 65 59 35 80 	74 63 12 79 20 	21 40 68 7 11 	28 60 15 54 50 	18 82 22 11 52 	36 70 13 19 67 	1 21 78 54 14 	55 89 45 47 57 	56 63 1 67 77 	71 63 47 26 75 	89 34 16 69 33 	
58	14/05/2015	57 46 41 32 78 	20 5 44 1 19 	57 63 24 49 32 	7 58 83 8 28 	84 50 40 80 46 	2 72 71 55 77 	62 79 35 82 38 	75 81 84 25 90 	69 76 43 34 7 	30 5 18 2 34 	82 70 47 22 84 	
57	12/05/2015	70 26 35 38 68 	65 82 27 37 3 	25 41 61 37 88 	61 39 10 55 22 	42 66 32 56 25 	39 15 9 33 30 	87 24 88 7 76 	44 72 43 64 54 	5 26 33 87 20 	40 48 65 83 10 	55 4 68 82 1 	
56	09/05/2015	90 80 38 88 30 	9 28 46 70 45 	14 69 38 78 16 	16 80 35 25 32 	51 15 82 27 5 	74 61 82 18 80 	36 57 76 30 20 	12 11 73 77 49 	81 20 37 83 75 	33 48 8 26 46 	45 71 54 24 25 	
55	07/05/2015	21 12 10 5 22 	31 72 68 58 86 	35 77 68 31 27 	19 62 36 65 55 	79 48 89 42 78 	23 54 66 78 77 	13 45 22 8 20 	15 39 56 58 72 	51 8 53 76 77 	71 35 31 37 90 	10 85 28 84 25 	
54	05/05/2015	12 3 52 40 39 	4 21 83 77 26 	56 33 44 48 42 	40 83 39 54 63 	85 6 84 2 11 	18 49 54 68 20 	61 18 30 29 47 	67 43 40 90 69 	32 37 76 51 80 	12 55 20 69 25 	53 4 88 77 52 	
53	02/05/2015	89 30 86 72 65 	11 17 82 77 1 	48 57 83 59 56 	11 10 4 88 81 	75 61 85 49 43 	30 64 73 16 17 	22 2 34 76 40 	64 2 27 57 86 	86 67 1 26 52 	2 5 71 50 76 	42 36 67 77 2 	
52	30/04/2015	56 11 73 36 13 	70 61 25 74 85 	24 11 87 51 79 	68 86 58 44 48 	86 23 18 5 69 	4 60 13 55 77 	81 38 83 2 51 	76 81 80 58 45 	21 9 47 6 3 	42 47 30 35 26 	21 4 30 1 45 	
51	28/04/2015	47 57 10 22 39 	47 55 77 42 57 	53 38 41 86 73 	84 55 47 28 80 	80 73 4 70 63 	31 59 61 41 12 	68 36 24 53 70 	48 18 1 20 52 	25 30 62 23 29 	58 4 85 41 32 	78 23 33 47 16 	
50	27/04/2015	90 15 32 55 2 	70 63 51 43 58 	64 35 27 50 46 	14 87 6 64 43 	48 18 43 21 25 	18 75 59 7 40 	71 47 53 74 88 	85 33 76 11 29 	15 2 46 16 65 	20 78 90 23 67 	66 74 33 68 59 	
49	23/04/2015	35 48 42 15 37 	14 83 37 28 39 	29 81 26 17 4 	21 29 19 78 39 	30 83 56 66 13 	15 28 66 72 36 	2 84 11 36 34 	53 41 88 76 77 	44 23 84 89 39 	26 44 48 71 27 	79 62 40 42 75 	
48	21/04/2015	8 46 47 85 6 	60 90 54 6 82 	52 69 14 56 71 	74 8 72 28 9 	51 60 48 62 13 	48 88 43 50 24 	27 63 69 20 22 	41 36 20 64 87 	25 60 9 69 43 	39 40 26 83 2 	72 60 14 32 79 	
47	18/04/2015	38 84 64 66 90 	67 11 12 72 48 	29 42 57 32 35 	28 60 55 14 11 	37 60 68 78 29 	55 61 1 20 44 	62 59 20 28 5 	84 37 72 51 26 	9 16 71 27 15 	88 68 55 49 39 	7 46 31 28 89 	
46	16/04/2015	37 33 41 49 59 	71 85 79 77 49 	66 52 36 56 88 	75 44 17 52 46 	51 79 72 74 57 	52 49 66 28 58 	54 29 62 55 9 	35 24 10 29 72 	36 76 23 9 61 	44 76 35 5 45 	67 54 83 57 8 	
45	14/04/2015	27 47 52 46 50 	13 5 50 58 38 	50 20 10 23 13 	51 44 20 57 6 	90 74 46 84 86 	13 8 27 86 37 	22 86 51 71 30 	6 55 24 40 89 	1 32 66 36 54 	74 20 9 39 26 	24 55 4 59 54 	
44	11/04/2015	72 10 53 52 15 	80 37 2 58 4 	3 78 22 81 9 	85 44 8 28 62 	36 70 34 74 27 	14 25 74 34 29 	7 77 32 20 27 	11 85 41 80 21 	1 19 63 37 4 	21 83 65 64 61 	57 80 19 71 60 	
43	09/04/2015	56 37 35 61 79 	20 56 28 11 41 	73 28 13 72 45 	21 24 86 61 77 	36 80 40 24 37 	27 9 74 33 23 	54 50 14 25 11 	22 78 58 3 41 	19 90 22 76 14 	37 64 10 39 51 	8 79 81 51 48 	
42	07/04/2015	78 70 45 64 71 	6 77 42 89 73 	22 32 66 72 57 	17 76 13 10 38 	5 40 80 9 39 	58 50 68 70 43 	44 78 57 47 83 	68 26 69 9 82 	35 8 76 64 90 	25 39 78 59 26 	5 51 44 4 59 	
41	04/04/2015	17 89 45 43 72 	45 35 40 23 64 	82 3 60 39 28 	67 10 87 20 12 	25 89 64 80 37 	5 62 11 57 77 	29 4 14 42 55 	75 74 32 19 38 	24 59 55 48 25 	48 3 45 6 75 	43 59 86 10 41 	
40	02/04/2015	40 43 28 16 6 	70 17 71 56 11 	77 53 31 81 1 	43 59 54 45 53 	71 41 16 40 54 	49 25 30 80 45 	90 20 52 26 76 	3 78 61 25 74 	66 3 65 57 85 	44 52 55 86 79 	83 77 56 89 40 	
39	31/03/2015	9 1 43 79 28 	58 54 46 38 74 	32 20 56 68 26 	14 51 31 66 65 	29 53 62 45 23 	14 41 71 69 25 	20 73 18 66 60 	86 64 78 36 84 	89 60 22 42 33 	86 88 36 65 15 	8 71 61 16 50 	
38	28/03/2015	76 65 74 75 43 	72 34 14 13 9 	58 30 26 43 29 	42 60 8 66 40 	40 6 42 46 20 	61 37 90 81 1 	1 42 16 22 18 	84 72 55 25 48 	37 32 4 23 88 	43 11 25 52 41 	78 61 32 67 63 	
37	26/03/2015	23 53 46 20 85 	20 79 34 49 42 	38 34 30 84 32 	6 55 29 39 23 	24 11 81 82 33 	45 79 43 29 59 	47 75 5 33 60 	73 82 33 68 37 	68 55 32 42 17 	43 13 15 80 56 	6 3 90 16 84 	
36	24/03/2015	50 61 77 59 81 	9 45 68 88 3 	49 11 35 2 83 	23 18 15 48 65 	15 77 83 82 80 	15 40 36 4 80 	55 61 64 52 41 	22 51 45 57 41 	88 8 58 4 69 	64 31 67 76 71 	31 60 57 14 29 	
35	21/03/2015	73 87 58 34 69 	41 88 6 7 61 	7 39 28 36 20 	33 39 56 85 83 	51 79 20 13 45 	80 63 38 89 22 	87 88 52 53 11 	44 84 38 73 8 	1 61 78 87 58 	32 15 5 25 41 	38 70 66 5 61 	
34	19/03/2015	61 65 72 38 11 	72 46 37 50 16 	10 81 77 83 55 	41 17 79 74 55 	74 90 26 66 57 	84 39 3 25 8 	24 76 88 16 25 	1 8 9 23 80 	8 33 81 90 4 	54 38 15 40 60 	83 44 82 24 38 	
33	17/03/2015	81 26 57 10 62 	11 52 9 15 14 	88 80 18 81 90 	50 73 34 86 68 	26 78 87 42 16 	69 50 20 57 86 	28 69 41 64 7 	11 36 67 85 9 	9 73 37 40 17 	87 20 38 81 16 	63 17 29 60 42 	
32	14/03/2015	44 73 26 87 89 	9 63 31 52 4 	18 59 8 77 57 	47 22 5 76 30 	45 53 65 74 73 	90 78 66 74 59 	56 71 32 5 41 	73 34 61 23 45 	87 77 82 7 29 	47 20 58 19 12 	29 54 33 76 7 	
31	12/03/2015	26 16 73 89 90 	54 90 70 87 77 	75 39 60 29 25 	40 67 26 5 21 	81 17 36 5 21 	59 39 82 23 14 	19 20 12 77 65 	83 8 3 79 46 	5 34 3 54 72 	25 15 66 24 4 	52 2 72 59 5 	
30	10/03/2015	50 47 69 86 72 	52 88 75 5 19 	86 39 27 79 2 	89 65 39 72 17 	87 18 54 5 55 	77 67 34 8 78 	77 59 36 40 9 	34 42 8 6 70 	79 50 19 32 73 	84 52 62 85 65 	2 79 73 87 18 	
29	07/03/2015	72 82 86 35 4 	13 42 76 49 77 	77 14 64 30 86 	7 1 48 29 44 	55 26 10 7 33 	78 85 74 27 50 	70 43 65 16 55 	43 45 17 23 86 	30 71 2 12 23 	81 54 61 67 66 	4 18 33 90 71 	
28	05/03/2015	30 6 63 58 87 	42 75 79 49 17 	18 31 56 6 86 	54 3 48 51 19 	56 72 42 52 5 	1 90 89 29 70 	81 64 13 62 76 	56 63 20 13 67 	17 34 69 56 15 	13 53 32 21 45 	11 65 75 33 30 	
27	03/03/2015	19 71 43 37 66 	47 26 56 39 50 	45 34 4 63 44 	51 75 22 88 32 	6 11 44 50 32 	6 30 3 1 48 	67 21 42 45 50 	6 11 79 18 25 	90 1 50 46 80 	51 65 7 87 86 	55 33 21 7 49 	
26	28/02/2015	35 42 52 87 47 	11 55 47 3 34 	88 71 23 63 11 	33 34 5 88 19 	81 45 16 89 66 	64 31 83 62 67 	37 41 25 19 52 	40 53 13 39 61 	44 30 75 82 16 	30 23 66 6 76 	74 4 41 64 10 	
25	26/02/2015	58 75 78 29 17 	22 27 34 32 23 	23 5 28 90 24 	4 36 10 2 71 	80 11 68 36 34 	31 17 64 5 45 	79 28 16 64 6 	5 31 32 62 73 	18 68 51 8 55 	78 66 56 61 41 	64 17 82 44 87 	
24	24/02/2015	62 37 58 74 87 	83 84 41 44 6 	81 20 23 4 47 	73 63 62 89 24 	68 30 82 20 9 	9 55 12 50 39 	73 38 7 51 15 	13 35 73 29 52 	5 16 28 45 30 	57 72 64 19 28 	80 47 86 81 70 	
23	21/02/2015	29 32 23 46 50 	78 87 20 61 59 	32 73 13 66 7 	79 48 87 15 61 	49 27 20 67 35 	4 39 2 34 53 	81 1 68 44 69 	10 46 42 57 89 	32 30 54 58 79 	83 11 60 87 24 	40 19 2 63 16 	
22	19/02/2015	6 32 85 13 62 	9 54 44 8 90 	80 60 44 2 52 	26 73 80 14 65 	21 13 20 79 36 	4 12 1 16 73 	28 68 43 17 25 	63 65 77 31 23 	34 39 79 68 80 	66 42 16 25 89 	12 30 43 16 31 	
21	17/02/2015	80 82 5 60 33 	48 53 44 28 52 	73 34 13 51 40 	3 89 29 8 12 	3 18 57 5 52 	16 61 90 67 19 	50 74 89 47 24 	27 67 46 81 41 	24 55 22 50 63 	36 63 1 73 7 	88 27 37 45 12 	
20	14/02/2015	58 35 17 37 30 	12 49 9 32 72 	84 45 85 74 27 	73 42 62 17 72 	15 25 16 83 55 	8 67 4 37 17 	29 69 68 25 49 	34 59 48 90 70 	80 7 22 37 4 	17 70 7 2 20 	70 46 50 10 89 	
19	12/02/2015	13 89 71 39 32 	60 68 53 88 63 	79 13 47 86 27 	50 39 6 54 52 	68 84 24 6 65 	75 52 40 44 73 	73 14 2 56 47 	19 1 69 58 86 	46 71 38 81 7 	65 43 55 48 40 	33 7 17 61 82 	
18	10/02/2015	6 88 7 56 49 	75 39 64 47 31 	20 82 32 61 19 	74 73 21 85 83 	66 53 7 76 59 	55 5 81 31 58 	10 65 39 35 37 	74 46 41 84 5 	48 3 13 26 51 	21 79 12 89 45 	36 15 43 2 1 	
17	07/02/2015	15 34 82 38 73 	55 44 23 36 65 	89 8 28 27 30 	47 17 32 10 15 	5 31 33 32 41 	8 32 44 7 40 	13 33 48 81 37 	11 78 42 59 73 	10 78 8 43 70 	40 67 80 61 89 	45 44 13 6 84 	
16	05/02/2015	51 25 50 86 63 	67 85 14 43 32 	48 44 75 25 6 	70 56 66 19 86 	52 83 21 80 64 	50 25 86 29 17 	69 55 74 45 40 	32 14 36 65 40 	78 41 4 51 69 	60 62 59 81 5 	25 38 9 71 86 	
15	03/02/2015	52 68 39 5 85 	25 21 43 2 83 	32 10 25 66 29 	6 37 56 73 47 	45 59 23 70 27 	90 24 27 21 50 	55 54 41 76 16 	21 82 84 45 67 	47 17 37 89 22 	50 52 18 67 56 	75 6 74 68 60 	
14	31/01/2015	36 16 87 7 22 	40 6 27 78 64 	47 84 33 9 73 	44 41 8 29 90 	52 71 41 19 82 	90 73 3 82 84 	47 19 11 3 54 	49 20 26 38 81 	20 71 84 82 59 	80 28 7 30 53 	46 53 68 28 43 	
13	29/01/2015	12 72 35 1 45 	24 57 50 58 32 	54 29 36 50 7 	55 37 23 21 5 	49 40 22 87 90 	46 26 82 9 65 	84 55 28 52 43 	35 31 20 67 29 	72 64 34 33 81 	24 86 45 64 16 	72 31 46 10 52 	
12	27/01/2015	66 26 4 51 50 	81 65 30 71 8 	65 2 18 80 70 	43 40 29 76 54 	52 36 3 31 69 	13 39 37 85 4 	89 47 33 9 25 	26 86 79 76 40 	28 11 85 21 50 	26 36 68 27 83 	44 25 69 59 60 	
11	24/01/2015	76 21 6 81 15 	75 34 42 6 45 	23 39 27 69 71 	35 13 24 63 65 	1 59 23 24 58 	69 23 42 85 33 	30 65 77 87 57 	34 61 8 67 17 	77 36 19 45 62 	73 19 39 10 17 	7 89 56 24 81 	
10	22/01/2015	71 28 11 79 38 	69 49 59 35 13 	11 19 1 21 18 	16 85 37 84 79 	5 62 76 78 3 	19 84 60 45 9 	79 64 39 30 49 	36 9 55 38 15 	32 70 64 74 20 	49 17 89 68 78 	77 84 87 46 54 	
9	20/01/2015	50 24 56 48 20 	60 66 87 81 50 	77 28 86 84 72 	49 47 86 56 83 	84 41 17 40 35 	80 52 69 27 57 	74 33 40 50 32 	11 28 23 30 19 	87 26 85 88 29 	19 57 55 52 66 	86 14 68 7 47 	
8	17/01/2015	80 48 51 4 65 	39 17 55 5 57 	59 52 17 41 49 	30 23 9 11 46 	50 20 86 12 70 	14 74 29 43 71 	51 7 26 4 61 	65 44 42 36 68 	51 17 86 63 36 	53 26 7 51 86 	46 40 86 4 42 	
7	15/01/2015	23 65 32 57 29 	49 37 85 13 86 	78 73 60 30 34 	10 19 31 59 37 	10 26 64 68 54 	65 64 25 80 16 	48 46 44 45 41 	38 31 7 53 5 	48 56 19 43 36 	6 78 7 68 46 	23 86 76 33 12 	
6	13/01/2015	74 89 45 60 15 	14 65 38 83 53 	44 30 70 11 78 	84 73 67 4 52 	83 21 44 88 67 	30 62 38 70 75 	41 26 45 47 78 	20 63 84 6 30 	44 13 63 80 59 	50 59 28 20 19 	62 76 19 32 34 	
5	10/01/2015	6 77 86 63 10 	30 16 73 66 27 	59 12 61 46 40 	73 46 41 76 69 	23 27 30 4 61 	68 65 33 85 11 	12 55 71 40 29 	46 40 5 30 28 	46 22 37 49 31 	11 79 65 28 57 	44 38 79 18 57 	
4	08/01/2015	44 65 5 70 52 	5 18 12 50 72 	40 29 77 24 28 	61 86 11 80 53 	43 76 54 4 34 	63 18 88 81 5 	86 70 51 17 66 	2 34 10 71 74 	16 18 17 86 78 	17 20 52 30 85 	8 5 27 64 61 	
3	07/01/2015	67 20 16 58 48 	60 84 29 77 72 	7 43 52 20 55 	88 18 13 5 32 	69 24 61 4 29 	90 82 88 15 72 	74 68 55 2 14 	4 55 49 3 5 	54 68 36 22 13 	31 26 51 80 45 	35 76 37 42 58 	
2	03/01/2015	43 61 18 30 84 	51 50 65 41 9 	29 83 79 62 82 	38 39 41 46 71 	42 21 20 84 12 	43 26 7 82 46 	60 10 42 6 74 	77 10 8 83 5 	45 80 3 75 36 	83 49 17 42 64 	30 31 35 23 84 	
1	02/01/2015	40 62 59 47 3 	65 76 17 35 63 	65 57 24 80 7 	66 13 84 82 15 	28 45 61 19 57 	45 4 66 19 77 	25 62 57 27 23 	55 69 8 87 10 	81 66 22 79 51 	21 87 42 77 88 	52 58 53 11 75 	
