Lotto
Archivio estrazioni Lotto anno 1958 aggiornato al 27/12/1958
Concorso	Data	Bari	Cagliari	Firenze	Genova	Milano	Napoli	Palermo	Roma	Torino	Venezia	Nazionale	
52	27/12/1958	61 58 54 44 15 	1 62 33 90 87 	46 73 80 10 36 	75 34 38 55 71 	54 48 68 10 58 	73 41 18 66 46 	9 37 88 62 49 	77 19 7 67 15 	21 5 78 47 75 	86 53 3 43 14 	     	
51	20/12/1958	44 33 36 20 45 	54 32 72 81 20 	23 40 63 9 74 	70 17 19 61 44 	52 56 26 86 67 	2 73 8 57 75 	2 47 12 85 56 	66 35 39 15 90 	23 37 67 79 55 	11 80 71 65 83 	11 80 71 65 83 	
50	13/12/1958	4 80 10 24 17 	69 14 22 48 13 	74 90 87 13 6 	32 1 9 21 40 	23 83 18 51 15 	88 79 15 30 26 	18 24 67 43 66 	36 23 75 24 65 	50 30 2 86 40 	61 13 7 82 69 	61 13 7 82 69 	
49	06/12/1958	33 24 85 18 69 	51 66 39 25 28 	79 2 82 65 81 	25 71 8 36 84 	4 12 49 26 45 	45 78 56 51 14 	64 71 87 70 33 	71 6 61 10 38 	39 7 21 63 79 	58 22 7 3 82 	58 22 7 3 82 	
48	29/11/1958	10 31 60 68 59 	48 35 86 25 47 	70 28 6 55 45 	73 49 16 88 67 	55 45 23 22 8 	52 5 16 54 43 	12 28 70 67 88 	50 47 64 27 79 	59 67 42 73 68 	82 84 60 7 57 	82 84 60 7 57 	
47	22/11/1958	72 34 25 86 66 	61 75 18 27 30 	8 90 1 53 63 	43 47 68 9 34 	1 39 43 30 45 	68 51 63 25 76 	64 6 88 70 29 	5 8 86 82 68 	17 90 15 35 78 	2 80 37 18 90 	2 80 37 18 90 	
46	15/11/1958	17 36 1 88 78 	83 69 65 35 76 	80 88 54 57 3 	32 33 83 3 73 	79 15 56 78 24 	14 40 19 78 10 	49 82 81 69 63 	89 43 36 33 59 	51 5 77 43 31 	66 49 62 21 42 	66 49 62 21 42 	
45	08/11/1958	32 6 83 16 11 	10 35 39 24 44 	38 28 15 74 36 	49 32 51 34 8 	64 83 88 52 18 	38 64 84 22 87 	25 2 35 84 68 	35 23 40 71 19 	31 41 48 22 33 	14 54 76 53 49 	14 54 76 53 49 	
44	01/11/1958	1 8 37 31 29 	73 67 1 90 61 	23 41 75 82 45 	74 7 22 67 53 	33 89 16 90 61 	66 67 34 62 42 	70 26 56 82 30 	62 89 83 77 31 	15 33 41 67 66 	34 31 76 86 38 	34 31 76 86 38 	
43	25/10/1958	68 88 62 70 76 	3 45 83 77 30 	17 44 41 76 81 	80 30 24 7 22 	6 72 31 80 56 	80 55 60 1 29 	6 5 46 87 61 	5 78 40 18 88 	56 28 1 44 59 	10 22 59 64 73 	10 22 59 64 73 	
42	18/10/1958	41 40 30 25 38 	50 64 62 87 24 	52 26 32 50 29 	31 39 19 49 6 	25 31 35 34 70 	2 87 11 64 47 	72 12 31 36 90 	29 2 49 61 1 	2 47 37 3 89 	59 5 2 65 57 	59 5 2 65 57 	
41	11/10/1958	3 5 34 38 62 	4 73 30 11 74 	89 37 40 87 68 	62 61 29 73 88 	43 72 70 10 59 	8 27 82 71 52 	33 31 63 6 75 	20 24 3 18 52 	30 84 72 35 49 	86 13 7 83 3 	86 13 7 83 3 	
40	04/10/1958	75 16 60 35 25 	86 64 53 42 3 	17 55 29 16 23 	34 7 80 78 68 	81 23 28 7 54 	1 71 21 24 34 	34 3 32 46 86 	52 48 83 50 49 	74 48 49 5 56 	82 24 78 29 54 	82 24 78 29 54 	
39	27/09/1958	63 59 26 37 81 	30 42 28 50 65 	77 3 18 12 86 	2 43 22 24 71 	65 61 74 14 13 	21 37 67 46 54 	50 41 89 4 84 	74 48 82 17 78 	85 90 76 89 39 	39 34 84 32 5 	39 34 84 32 5 	
38	20/09/1958	38 79 63 58 69 	29 65 19 90 80 	81 6 7 40 31 	31 26 77 51 5 	5 64 21 60 10 	22 63 19 17 48 	20 73 60 58 14 	76 37 18 32 26 	21 27 26 19 70 	45 3 57 72 20 	45 3 57 72 20 	
37	13/09/1958	9 20 72 13 29 	14 1 44 57 15 	51 49 80 54 90 	37 77 24 41 65 	15 70 30 90 81 	84 51 76 57 48 	55 41 7 78 65 	3 39 17 31 88 	7 32 12 21 18 	82 67 63 86 61 	82 67 63 86 61 	
36	06/09/1958	54 82 33 53 3 	48 11 17 79 82 	75 35 24 39 55 	43 18 16 14 23 	39 72 26 54 89 	79 65 83 18 87 	74 30 54 67 7 	27 22 3 19 37 	13 60 17 3 16 	56 24 50 83 79 	56 24 50 83 79 	
35	30/08/1958	44 89 79 25 47 	56 15 40 63 4 	20 10 83 8 39 	14 67 68 64 21 	11 52 50 30 22 	21 56 27 16 58 	10 62 65 4 70 	49 68 37 67 89 	36 17 26 75 66 	58 82 36 5 90 	58 82 36 5 90 	
34	23/08/1958	35 58 87 44 82 	76 28 65 18 41 	33 43 24 78 10 	39 72 27 60 75 	79 16 34 39 6 	39 60 29 64 33 	36 19 1 23 65 	17 30 21 90 16 	82 72 34 6 50 	84 71 23 76 34 	84 71 23 76 34 	
33	16/08/1958	64 37 82 3 86 	15 59 31 16 73 	19 13 86 41 15 	59 6 27 49 69 	82 66 22 42 83 	38 32 42 11 23 	72 12 39 64 14 	19 90 15 59 87 	31 70 88 87 56 	80 5 51 39 65 	80 5 51 39 65 	
32	09/08/1958	16 80 63 70 89 	20 10 54 43 74 	51 55 16 44 15 	29 42 11 55 1 	27 85 19 84 15 	37 52 59 51 29 	29 62 51 39 6 	87 26 8 39 77 	72 42 16 31 17 	2 25 52 59 81 	2 25 52 59 81 	
31	02/08/1958	42 85 70 8 59 	67 46 4 77 59 	31 30 61 47 3 	87 55 54 43 2 	5 87 25 29 79 	42 49 51 58 71 	40 1 60 65 20 	66 90 50 72 76 	35 49 9 52 85 	80 24 21 82 23 	80 24 21 82 23 	
30	26/07/1958	5 10 18 38 47 	37 50 31 88 42 	51 40 25 42 39 	51 59 44 8 52 	65 89 13 6 77 	86 6 71 13 28 	53 29 81 9 11 	32 69 54 26 87 	56 12 46 32 75 	90 80 46 59 3 	90 80 46 59 3 	
29	19/07/1958	62 77 16 46 52 	5 76 29 12 68 	25 82 68 87 72 	12 65 4 78 10 	21 57 87 77 1 	16 89 32 45 60 	9 57 37 79 34 	48 69 90 74 72 	64 68 26 53 10 	42 53 59 55 54 	42 53 59 55 54 	
28	12/07/1958	34 53 24 61 45 	5 81 36 4 23 	13 18 41 23 79 	1 64 56 86 22 	73 66 60 9 64 	18 68 43 87 27 	18 5 20 61 59 	26 11 27 45 7 	8 78 12 58 89 	61 27 80 82 77 	61 27 80 82 77 	
27	05/07/1958	33 71 6 51 42 	82 24 7 9 27 	52 83 71 51 18 	60 41 65 3 80 	83 88 29 31 78 	45 87 77 18 53 	89 11 41 44 18 	69 34 5 27 66 	3 36 77 74 45 	79 56 9 16 62 	79 56 9 16 62 	
26	28/06/1958	26 13 58 45 8 	80 76 87 21 23 	37 23 2 31 41 	26 21 15 36 47 	45 76 54 28 24 	75 67 60 86 25 	38 81 88 4 68 	62 30 37 86 78 	21 69 29 71 22 	20 52 44 31 66 	20 52 44 31 66 	
25	21/06/1958	40 2 18 65 86 	57 25 86 34 32 	67 29 39 66 47 	5 77 83 54 49 	66 10 90 28 44 	47 90 77 57 1 	79 85 40 26 35 	32 3 20 73 79 	87 45 58 60 79 	45 40 16 54 42 	45 40 16 54 42 	
24	14/06/1958	46 53 80 74 58 	72 13 33 87 73 	32 17 7 22 56 	80 39 17 52 63 	33 73 59 45 43 	37 2 40 44 51 	60 68 26 6 42 	54 40 89 35 20 	39 62 80 90 87 	16 25 55 8 28 	16 25 55 8 28 	
23	07/06/1958	45 73 81 50 9 	54 39 79 78 59 	21 31 50 2 20 	24 73 18 27 11 	74 70 45 90 54 	37 16 75 25 66 	26 30 41 44 29 	31 40 56 44 42 	84 54 22 37 74 	77 12 24 70 2 	77 12 24 70 2 	
22	31/05/1958	21 64 46 33 6 	63 29 64 74 49 	51 26 76 60 37 	26 29 42 87 43 	44 30 17 9 61 	22 52 40 21 79 	36 21 44 80 41 	12 15 21 63 84 	3 88 39 56 54 	3 53 86 83 19 	3 53 86 83 19 	
21	24/05/1958	90 2 48 50 5 	47 62 69 71 85 	40 36 6 37 75 	88 14 11 18 44 	79 90 61 40 77 	74 46 84 2 55 	43 64 61 41 42 	89 24 39 9 83 	43 50 58 25 11 	49 31 52 45 70 	49 31 52 45 70 	
20	17/05/1958	13 85 33 62 34 	70 60 3 59 80 	84 13 79 49 72 	65 47 11 45 2 	77 46 45 20 51 	71 38 11 54 18 	61 8 28 54 60 	78 54 71 20 8 	13 31 60 1 88 	2 60 29 14 40 	2 60 29 14 40 	
19	10/05/1958	78 31 13 7 72 	49 34 53 69 41 	57 44 28 33 25 	3 43 70 42 13 	64 46 54 47 25 	20 65 33 2 85 	49 15 41 87 5 	4 26 36 5 75 	11 60 22 27 64 	77 38 4 33 79 	77 38 4 33 79 	
18	03/05/1958	57 35 41 27 12 	28 74 19 61 15 	63 35 23 87 49 	49 24 40 64 27 	38 19 56 23 82 	65 73 29 7 55 	65 75 80 74 66 	54 81 26 39 32 	81 11 59 54 63 	13 26 87 66 6 	13 26 87 66 6 	
17	26/04/1958	50 21 81 38 48 	38 17 84 46 1 	79 30 33 27 3 	54 78 51 45 44 	90 4 10 2 16 	64 12 68 73 9 	60 56 28 66 9 	4 78 57 67 87 	24 70 85 75 35 	74 84 19 63 44 	74 84 19 63 44 	
16	19/04/1958	29 23 62 56 38 	4 6 68 1 57 	4 19 36 31 65 	63 24 65 31 56 	69 85 57 14 21 	58 52 49 57 45 	81 86 20 60 56 	59 48 84 3 7 	39 50 73 62 90 	46 17 18 84 54 	46 17 18 84 54 	
15	12/04/1958	35 90 28 31 80 	37 41 72 74 10 	22 58 63 2 51 	57 48 29 15 81 	29 48 22 21 59 	53 77 23 24 43 	81 67 53 48 74 	74 82 60 4 90 	75 70 20 49 71 	88 77 72 1 49 	88 77 72 1 49 	
14	05/04/1958	77 62 57 56 65 	7 27 55 34 45 	70 69 25 77 82 	56 46 1 41 78 	21 47 3 63 74 	40 90 79 47 23 	43 90 88 82 81 	63 39 40 15 66 	34 87 80 45 79 	61 87 77 88 75 	61 87 77 88 75 	
13	29/03/1958	25 59 49 12 70 	80 1 26 74 31 	3 55 73 58 36 	58 46 72 49 69 	33 79 90 87 50 	40 57 87 6 13 	41 42 50 38 22 	66 27 84 65 36 	57 61 90 87 30 	36 29 86 70 52 	36 29 86 70 52 	
12	22/03/1958	18 46 57 78 19 	47 23 86 12 71 	6 57 89 71 87 	5 42 78 13 23 	66 89 30 55 32 	43 26 25 55 7 	2 17 15 58 5 	43 48 22 8 13 	9 46 69 54 16 	12 37 18 89 66 	12 37 18 89 66 	
11	15/03/1958	72 74 63 26 49 	70 66 54 7 9 	66 11 77 74 73 	46 13 51 9 62 	60 15 76 25 33 	64 74 11 49 9 	57 16 17 80 28 	63 7 70 50 64 	61 70 21 59 88 	87 75 30 79 77 	87 75 30 79 77 	
10	08/03/1958	20 28 5 63 75 	35 52 86 63 37 	34 36 6 79 68 	26 53 34 61 21 	8 50 21 49 85 	38 23 77 4 67 	17 86 29 57 9 	3 39 8 22 51 	46 51 65 43 67 	86 39 33 48 23 	86 39 33 48 23 	
9	01/03/1958	6 61 27 9 13 	85 77 83 59 43 	71 73 70 23 27 	29 38 79 23 18 	70 26 69 12 54 	37 23 81 77 29 	90 5 53 49 42 	15 71 50 89 6 	12 86 64 59 45 	37 40 64 41 66 	37 40 64 41 66 	
8	22/02/1958	68 77 9 30 28 	44 1 26 37 42 	14 27 69 70 65 	52 2 18 27 61 	83 77 8 60 78 	89 78 43 83 58 	89 35 32 17 73 	82 20 74 39 55 	30 33 87 5 34 	56 41 32 12 36 	56 41 32 12 36 	
7	15/02/1958	77 16 8 50 82 	59 45 6 37 63 	79 25 75 34 86 	7 54 33 26 84 	68 64 74 40 35 	89 10 23 33 75 	25 59 15 62 27 	85 25 82 39 1 	61 30 75 86 44 	78 37 81 44 39 	78 37 81 44 39 	
6	08/02/1958	29 75 65 17 38 	71 37 85 19 79 	44 28 10 1 18 	86 6 51 36 16 	34 23 48 68 71 	85 19 90 87 18 	50 72 32 8 55 	16 22 68 11 77 	69 15 28 35 62 	26 6 87 34 79 	26 6 87 34 79 	
5	01/02/1958	31 27 4 33 89 	30 14 37 66 2 	50 85 38 86 71 	70 22 71 62 54 	14 53 77 23 34 	9 49 11 10 66 	33 12 76 88 45 	58 30 46 37 19 	33 85 69 31 13 	20 76 55 1 8 	20 76 55 1 8 	
4	25/01/1958	73 57 2 8 20 	39 31 68 4 35 	15 5 18 11 62 	73 90 4 80 8 	74 22 75 43 6 	68 87 62 90 52 	80 76 48 12 20 	43 64 75 79 46 	64 78 69 30 75 	84 85 20 46 57 	84 85 20 46 57 	
3	18/01/1958	86 26 18 17 36 	67 39 60 8 70 	76 81 1 65 43 	9 63 24 61 54 	1 72 66 69 45 	67 71 42 69 16 	28 61 21 25 86 	50 88 84 13 44 	71 64 14 19 88 	60 27 90 88 22 	60 27 90 88 22 	
2	11/01/1958	60 69 36 7 38 	4 29 22 70 66 	7 59 32 13 76 	13 2 59 71 67 	89 8 14 9 55 	52 49 41 26 86 	73 85 38 33 78 	23 87 77 73 58 	81 12 16 64 55 	13 66 54 18 39 	13 66 54 18 39 	
1	04/01/1958	63 41 17 45 83 	85 81 22 33 27 	53 89 18 44 34 	80 61 69 46 75 	33 60 77 51 62 	89 10 80 25 77 	77 12 46 5 8 	14 89 10 78 74 	69 22 18 84 52 	73 35 61 36 86 	73 35 61 36 86 	
