VinciCasa
Archivio estrazioni VinciCasa anno 2014 aggiornato al 31/12/2014
Concorso	Data	N.1	N.2	N.3	N.4	N.5	
26	31/12/2014	6	11	15	33	39	
25	24/12/2014	5	8	13	36	39	
24	17/12/2014	5	22	27	31	38	
23	10/12/2014	2	23	24	25	38	
22	03/12/2014	8	15	18	26	38	
21	26/11/2014	3	17	18	30	35	
20	19/11/2014	8	23	27	30	32	
19	12/11/2014	7	9	23	27	29	
18	05/11/2014	3	20	23	29	35	
17	29/10/2014	11	13	25	32	34	
16	22/10/2014	16	21	22	30	33	
15	15/10/2014	11	24	25	27	30	
14	08/10/2014	12	23	26	29	39	
13	01/10/2014	7	8	18	22	33	
12	24/09/2014	3	25	34	37	38	
11	17/09/2014	6	10	27	34	38	
10	10/09/2014	1	12	18	25	30	
9	03/09/2014	2	7	24	30	31	
8	27/08/2014	7	13	15	19	20	
7	20/08/2014	1	14	19	35	40	
6	13/08/2014	4	5	14	15	31	
5	06/08/2014	5	6	11	20	23	
4	30/07/2014	4	26	30	33	36	
3	23/07/2014	19	24	36	38	40	
2	16/07/2014	11	20	25	28	37	
1	09/07/2014	1	3	14	30	32	
